31	1	2166
31	1	286
31	1	306
31	1	1306
53	1	1699
57	1	1699
995	1	900
998	1	53
998	1	58
998	1	140
999	1	357
1000	1	47
1000	1	994
1000	1	1050
1000	1	322
1015	1	58
1015	1	252
1018	1	51
1032	1	397
1037	1	43
1037	1	1666
1038	1	58
1038	1	1665
1038	1	1666
1052	1	2101
1052	1	2104
1055	1	1124
1056	1	1111
1056	1	1122
1056	1	2194
1058	1	2194
1071	1	1032
1071	1	2230
1071	1	2238
1073	1	1032
1073	1	2223
1078	1	1071
1095	1	2128
1095	1	2201
1095	1	2207
1095	1	2210
1095	1	1550
1095	1	1636
1104	1	43
1104	1	47
1104	1	57
1110	1	51
1110	1	994
1111	1	38
1111	1	57
1124	1	43
1124	1	53
1124	1	57
1126	1	58
1147	1	982
1153	1	1049
1153	1	1660
1155	1	47
1155	1	57
1155	1	993
1155	1	2184
1155	1	1661
1156	1	38
1156	1	57
1156	1	994
1156	1	2193
1156	1	1660
1158	1	1049
2123	1	1127
2123	1	319
2131	1	1032
2131	1	1035
2131	1	331
2146	1	2131
2146	1	2132
2153	1	58
2158	1	994
2169	1	307
2170	1	306
2170	1	312
2177	1	2164
2177	1	975
2179	1	286
2179	1	306
2182	1	2125
2182	1	2210
2182	1	1638
2183	1	2124
2183	1	2125
2183	1	1550
2183	1	1636
2183	1	1637
2199	1	995
2199	1	2192
2199	1	2193
2199	1	322
2199	1	1245
2210	1	1050
2214	1	1036
2214	1	2194
2214	1	1819
2217	1	1364
288	1	972
300	1	972
307	1	970
307	1	974
310	1	968
313	1	971
313	1	973
315	1	2166
316	1	2167
316	1	285
316	1	306
319	1	991
323	1	1830
323	1	1827
332	1	1126
332	1	1127
357	1	900
358	1	354
360	1	322
360	1	1245
361	1	355
361	1	1245
379	1	376
385	1	375
416	1	1029
416	1	2163
911	1	990
927	1	994
955	1	978
970	1	957
973	1	956
975	1	955
975	1	965
978	1	1488
978	1	1484
1568	1	2104
1568	1	2105
1594	1	1568
1594	1	1571
1594	1	1798
1607	1	1150
1607	1	1158
1609	1	651
1613	1	326
1614	1	2137
1615	1	199
1623	1	1239
1623	1	1236
1626	1	1968
1634	1	2210
1634	1	324
1634	1	332
1638	1	2212
1638	1	140
1641	1	1586
1641	1	1591
1643	1	1617
1643	1	1228
1647	1	2124
1647	1	2210
1647	1	1636
1660	1	982
1660	1	1827
1664	1	225
2025	1	2123
2025	1	2124
2026	1	2123
2028	1	1036
2028	1	2195
2028	1	2199
2030	1	2125
2030	1	332
2036	1	1020
2045	1	2099
2045	1	2105
2069	1	1588
2071	1	1593
2072	1	2066
2074	1	1150
2081	1	2066
2081	1	2069
2083	1	2058
2083	1	2069
2083	1	1562
2090	1	2065
2091	1	2065
2097	1	2110
2101	1	2110
2101	1	2111
2103	1	2110
2111	1	808
2138	1	2136
2149	1	142
2149	1	1233
160	1	1617
160	1	1620
253	1	1271
253	1	1270
284	1	905
295	1	851
295	1	889
298	1	815
299	1	707
299	1	724
299	1	729
299	1	730
299	1	1173
299	1	538
301	1	731
301	1	536
304	1	730
700	1	728
700	1	730
700	1	538
700	1	536
701	1	1173
704	1	708
704	1	724
704	1	731
704	1	1173
704	1	525
708	1	817
730	1	806
730	1	817
733	1	806
733	1	818
735	1	811
735	1	820
750	1	817
750	1	821
760	1	550
761	1	1169
785	1	1169
785	1	553
787	1	1169
787	1	553
789	1	779
789	1	781
789	1	787
815	1	781
817	1	2075
817	1	781
818	1	2135
818	1	761
818	1	781
818	1	785
880	1	1443
880	1	1441
880	1	1439
888	1	93
888	1	91
1334	1	1096
1337	1	1546
1339	1	1094
1393	1	1087
1395	1	2055
1395	1	62
1395	1	91
1414	1	2055
1452	1	583
1461	1	1395
1461	1	1414
1462	1	1369
1464	1	88
1557	1	2074
1557	1	2127
1811	1	2127
1812	1	2074
1817	1	1557
1817	1	1811
1838	1	1557
1865	1	2058
1865	1	2127
1894	1	2081
1906	1	1864
1957	1	819
1969	1	2323
1983	1	1624
2033	1	2373
2046	1	1861
2048	1	132
2048	1	1861
2055	1	2043
2055	1	2048
100	1	2024
100	1	2041
95	1	2042
95	1	2043
95	1	2046
91	1	2024
91	1	2041
89	1	2024
89	1	2046
89	1	2050
107	1	2041
107	1	2043
107	1	2048
132	1	2077
126	1	1052
126	1	1563
126	1	1571
126	1	1798
125	1	2103
125	1	2105
163	1	358
163	1	361
163	1	362
163	1	1586
163	1	1588
156	1	163
148	1	121
148	1	163
209	1	2157
204	1	199
223	1	226
243	1	228
238	1	228
238	1	227
260	1	1158
649	1	643
649	1	641
649	1	658
670	1	658
669	1	258
669	1	643
669	1	1298
662	1	672
687	1	695
742	1	716
767	1	842
762	1	949
812	1	949
805	1	844
856	1	786
855	1	220
855	1	780
889	1	786
889	1	780
1283	1	738
1283	1	784
1360	1	1415
1348	1	1409
1347	1	1411
1344	1	1411
1411	1	1451
1411	1	1447
1411	1	1436
1411	1	1432
1411	1	1487
1411	1	1704
1409	1	1396
1409	1	1442
1409	1	1431
1398	1	1465
1398	1	1706
1396	1	1467
1396	1	1504
1447	1	1467
1447	1	1499
1444	1	1506
1444	1	1499
1437	1	1465
1436	1	1502
1436	1	1706
1435	1	1467
1434	1	1502
1434	1	1706
1432	1	1467
1431	1	1502
1431	1	1706
1487	1	1465
1487	1	1506
1487	1	1504
1487	1	1502
1487	1	1499
1474	1	1471
1474	1	1465
1474	1	349
1504	1	1921
1504	1	1916
1802	1	1787
1834	1	1344
1834	1	1342
1850	1	1359
1850	1	1348
1885	1	2184
1881	1	1660
1875	1	2193
1875	1	1660
1921	1	1959
1921	1	1954
1919	1	1959
1919	1	1953
1916	1	1962
1916	1	1958
1962	1	2278
1953	1	2291
1972	1	1948
1972	1	1979
1972	1	523
2010	1	505
2010	1	523
2314	1	2283
2311	1	517
2332	1	1215
2368	1	1394
2368	1	1395
2368	1	1416
2384	1	1395
2370	1	851
2370	1	1280
2409	1	889
2409	1	1280
2410	1	570
45	1	1834
74	1	1372
80	1	744
488	1	1360
487	1	1354
487	1	1348
512	1	719
512	1	715
512	1	714
512	1	712
597	1	1827
1130	1	1354
1130	1	1348
1130	1	1344
1148	1	868
1148	1	1186
1187	1	951
1187	1	958
1187	1	965
1186	1	952
1201	1	951
1201	1	952
1221	1	981
1216	1	968
1216	1	969
1216	1	973
1216	1	974
1212	1	1216
1209	1	981
1206	1	981
1239	1	1050
1239	1	357
1233	1	1050
1229	1	1101
1229	1	1925
1262	1	1922
1262	1	2263
1251	1	2209
1251	1	2102
1251	1	2103
1251	1	1800
1251	1	1796
1250	1	1800
1281	1	1571
1281	1	1575
1281	1	1577
1281	1	2045
1281	1	1251
1281	1	1250
1298	1	1197
1674	1	1224
1777	1	485
2188	1	482
2186	1	482
2174	1	482
2197	1	485
2244	1	2235
2283	1	1991
2283	1	1979
453	1	2225
453	1	2230
452	1	1070
452	1	2223
452	1	2225
490	1	470
485	1	457
482	1	459
482	1	480
896	1	1314
896	1	1344
919	1	1360
919	1	1348
919	1	1342
918	1	1347
954	1	1791
942	1	45
941	1	1831
940	1	45
940	1	954
1441	1	779
1441	1	785
1440	1	761
1440	1	779
1440	1	781
1439	1	759
1439	1	779
1439	1	781
1439	1	785
1438	1	759
1475	1	806
1475	1	820
1522	1	969
1522	1	972
1522	1	975
1572	1	368
1956	1	505
1990	1	1499
2077	1	1359
2077	1	1356
2077	1	1354
2077	1	1348
2077	1	1347
61	1	201
88	1	117
120	1	133
119	1	130
592	1	201
622	1	1470
673	1	1267
673	1	1266
1253	1	1620
1267	1	1619
1267	1	209
1315	1	1292
1413	1	1350
1734	1	1378
1860	1	995
1925	1	995
1922	1	142
2263	1	2147
2263	1	1925
2280	1	163
2279	1	121
2294	1	139
2340	1	1619
2340	1	1620
2361	1	2329
2359	1	2329
2383	1	2331
2383	1	2329
2406	1	2145
2403	1	2145
2401	1	2371
2395	1	2400
2391	1	2406
20	1	2394
5	1	12
2	1	14
48	1	14
48	1	12
37	1	2395
444	1	2391
451	1	2395
450	1	2395
473	1	1101
473	1	1628
473	1	1236
473	1	2372
510	1	1550
510	1	1638
611	1	578
1072	1	1304
1086	1	1818
1167	1	2217
1181	1	1094
1181	1	337
1179	1	2201
1179	1	2202
1179	1	2207
1179	1	1637
1190	1	2128
1190	1	2210
34	7	2172
34	7	290
34	7	1194
51	7	1699
996	7	47
996	7	322
996	7	357
997	7	38
997	7	58
997	7	993
997	7	994
997	7	1050
997	7	1245
1001	7	140
1011	7	2045
1011	7	125
1013	7	1662
1017	7	1657
1019	7	38
1019	7	58
1020	7	47
1030	7	998
1030	7	405
1031	7	999
1031	7	1001
1031	7	396
1031	7	397
1033	7	1001
1034	7	1000
1034	7	397
1035	7	996
1036	7	2191
1036	7	322
1036	7	1245
1049	7	1827
1053	7	1798
1069	7	2194
1069	7	2199
1079	7	2124
1079	7	324
1079	7	332
1079	7	1636
1079	7	1637
1087	7	2183
1090	7	1080
1096	7	1030
1096	7	1035
1096	7	330
1096	7	1190
1102	7	53
1103	7	57
1103	7	993
1105	7	43
1105	7	58
1105	7	993
1117	7	1012
1117	7	1105
1117	7	1107
1117	7	1110
1118	7	1038
1118	7	1103
1118	7	1107
1118	7	1109
1118	7	1122
1119	7	1037
1119	7	1038
1119	7	1104
1122	7	43
1122	7	993
1122	7	994
1127	7	43
1127	7	1665
1133	7	1032
1150	7	43
1150	7	53
1150	7	57
1150	7	993
1150	7	1660
2124	7	1657
2124	7	1658
2125	7	1016
2125	7	1038
2125	7	319
2128	7	357
2128	7	140
2132	7	1031
2132	7	1032
2132	7	330
2134	7	2132
2150	7	1087
2150	7	1676
2157	7	51
2159	7	2371
2163	7	58
2163	7	994
2163	7	252
2164	7	957
2166	7	971
2166	7	973
2171	7	990
2175	7	968
2175	7	974
2184	7	1662
2191	7	1662
2193	7	982
2193	7	988
2194	7	995
2194	7	2192
2194	7	357
2194	7	1661
2198	7	995
2198	7	322
2201	7	2191
2201	7	2192
2201	7	1660
2202	7	1661
2207	7	1049
2211	7	2191
2211	7	2192
2211	7	1637
2211	7	1660
2212	7	1053
303	7	969
303	7	973
306	7	971
306	7	973
311	7	975
312	7	971
312	7	974
317	7	310
318	7	2175
318	7	288
318	7	294
318	7	306
318	7	310
318	7	312
324	7	1821
325	7	1102
325	7	1104
325	7	1110
325	7	324
325	7	1637
326	7	1109
327	7	1105
327	7	1109
327	7	2128
327	7	1860
329	7	1102
329	7	1109
329	7	1636
330	7	1638
331	7	2128
331	7	2201
331	7	1638
340	7	1031
340	7	1033
340	7	1035
345	7	286
345	7	300
345	7	307
359	7	322
359	7	354
359	7	1245
362	7	355
371	7	285
371	7	307
371	7	310
376	7	2170
387	7	371
396	7	909
405	7	911
407	7	397
408	7	1029
411	7	1506
413	7	1029
413	7	396
422	7	2164
423	7	1031
423	7	1033
423	7	1035
900	7	1193
913	7	2171
914	7	641
914	7	637
926	7	994
929	7	993
949	7	879
949	7	1482
949	7	1478
951	7	978
969	7	953
969	7	956
971	7	956
971	7	965
971	7	966
972	7	965
972	7	966
974	7	952
974	7	955
976	7	875
976	7	1449
988	7	1798
1550	7	2212
1550	7	1821
1565	7	2101
1571	7	2100
1571	7	2102
1571	7	2104
1577	7	2099
1577	7	2103
1585	7	1107
1585	7	1109
1588	7	1103
1588	7	1104
1590	7	1110
1601	7	1017
1602	7	1750
1603	7	1017
1610	7	1150
1610	7	653
1611	7	1103
1611	7	1104
1611	7	1105
1611	7	1110
1611	7	324
1611	7	1637
1616	7	199
1618	7	2145
1619	7	1618
1620	7	2157
1620	7	2158
1620	7	1618
1621	7	2157
1621	7	1618
1622	7	996
1622	7	1236
1622	7	1925
1624	7	2149
1624	7	473
1633	7	1111
1633	7	1124
1633	7	1126
1636	7	140
1637	7	1050
1637	7	2212
1637	7	1853
1639	7	329
1639	7	1607
1642	7	326
1642	7	329
1642	7	163
1646	7	260
1651	7	2182
1651	7	1647
1657	7	1054
1658	7	1054
1658	7	1662
1665	7	1662
2031	7	2123
2047	7	1577
2058	7	1591
2058	7	1593
2065	7	1588
2066	7	1587
2096	7	774
2096	7	773
2096	7	814
2104	7	2112
2105	7	2110
2110	7	814
2112	7	814
2112	7	808
2127	7	1156
2127	7	2202
2136	7	1019
2139	7	1778
2145	7	2118
135	7	670
137	7	473
139	7	1620
139	7	209
144	7	1239
145	7	160
145	7	199
244	7	951
246	7	2099
246	7	2100
246	7	2105
246	7	1796
247	7	2100
247	7	1800
291	7	832
291	7	831
305	7	728
305	7	730
305	7	731
305	7	1173
305	7	536
308	7	731
308	7	525
308	7	538
697	7	730
702	7	707
703	7	707
703	7	731
703	7	525
703	7	536
705	7	760
705	7	781
707	7	817
707	7	819
728	7	821
729	7	821
734	7	806
734	7	811
736	7	817
736	7	818
754	7	733
756	7	750
757	7	2380
781	7	551
782	7	553
806	7	759
806	7	760
806	7	761
806	7	1564
811	7	760
811	7	761
820	7	2075
820	7	785
835	7	616
835	7	1092
848	7	806
848	7	817
848	7	819
868	7	958
872	7	759
874	7	759
874	7	761
875	7	759
879	7	1449
886	7	2055
886	7	100
886	7	95
1394	7	2055
1424	7	27
1456	7	888
1456	7	1395
1456	7	1414
1456	7	578
1459	7	1395
1460	7	583
1460	7	578
1476	7	1414
1481	7	1414
1520	7	261
1521	7	1610
1524	7	1520
1524	7	1521
1551	7	1520
1558	7	1520
1558	7	1809
1558	7	1811
1559	7	1812
1559	7	1815
1808	7	2127
1809	7	2127
1837	7	1809
1837	7	1811
1837	7	1812
1842	7	1809
1842	7	1811
1843	7	1808
1843	7	1815
1844	7	1811
1864	7	2058
1864	7	2071
1866	7	2071
1866	7	2127
1867	7	2058
1867	7	2069
1867	7	2071
1867	7	2127
1871	7	1863
1901	7	1866
1903	7	2083
1903	7	1865
1905	7	1864
1905	7	1865
1905	7	1867
1908	7	1866
1935	7	427
1937	7	426
1941	7	425
2016	7	2006
2022	7	340
2024	7	1861
2029	7	2040
2032	7	2077
2041	7	1861
2042	7	132
101	7	2046
101	7	2048
93	7	2042
93	7	2043
136	7	1354
131	7	921
123	7	1586
123	7	1588
121	7	360
121	7	362
118	7	359
118	7	361
118	7	1591
165	7	360
165	7	362
165	7	1585
154	7	1641
152	7	1641
152	7	118
152	7	163
147	7	1641
184	7	147
179	7	152
179	7	150
176	7	154
207	7	199
205	7	1613
237	7	228
237	7	226
240	7	229
239	7	229
261	7	651
653	7	637
651	7	637
672	7	659
667	7	643
667	7	658
667	7	1301
664	7	649
693	7	2323
688	7	137
684	7	137
753	7	743
751	7	1664
751	7	742
747	7	713
743	7	225
739	7	713
773	7	844
773	7	842
814	7	949
814	7	842
802	7	844
801	7	844
844	7	879
844	7	1488
844	7	1478
842	7	1484
842	7	1482
833	7	741
833	7	739
831	7	709
831	7	741
857	7	786
857	7	777
853	7	220
853	7	784
1280	7	786
1311	7	1274
1303	7	1577
1303	7	2045
1295	7	1326
1295	7	1325
1312	7	487
1331	7	1360
1331	7	1354
1331	7	1347
1331	7	1344
1328	7	488
1326	7	487
1338	7	1398
1314	7	1415
1356	7	1415
1356	7	1411
1354	7	1409
1351	7	1415
1351	7	1409
1342	7	1411
1342	7	1409
1415	7	1437
1455	7	1468
1455	7	1504
1451	7	1499
1442	7	1468
1442	7	1467
1442	7	1506
1483	7	1506
1483	7	349
1479	7	1502
1467	7	1923
1467	7	1919
1465	7	1916
1506	7	1919
1502	7	1921
1502	7	1916
1523	7	1051
1769	7	1797
1810	7	1314
1810	7	1360
1810	7	1356
1810	7	1348
1810	7	1347
1791	7	1314
1791	7	1360
1791	7	1354
1791	7	1348
1831	7	1834
1824	7	1356
1824	7	1348
1824	7	1344
1818	7	2135
1861	7	1791
1854	7	2062
1900	7	2332
1887	7	1049
1887	7	2184
1877	7	2195
1877	7	2199
1877	7	602
1915	7	1975
1913	7	2291
1910	7	2278
1975	7	508
1973	7	1947
1973	7	1946
1973	7	1944
1973	7	1985
1973	7	505
1973	7	523
1973	7	521
2013	7	1948
2013	7	1988
2013	7	1982
2316	7	2283
2312	7	517
2322	7	2145
2322	7	2372
2339	7	1360
2339	7	1351
2336	7	1354
2336	7	1351
2353	7	1395
2353	7	1416
2380	7	67
2375	7	1399
2373	7	1354
2373	7	1351
2373	7	1344
2373	7	1342
2392	7	540
42	7	1829
42	7	1828
94	7	1831
87	7	1829
116	7	1465
115	7	1403
115	7	1499
112	7	116
498	7	1913
498	7	1959
498	7	1954
505	7	1727
523	7	561
523	7	1727
518	7	1948
518	7	1988
517	7	1948
517	7	1979
517	7	1978
534	7	548
565	7	1720
565	7	1733
577	7	2194
577	7	2195
576	7	2194
614	7	602
612	7	2194
612	7	602
609	7	2194
609	7	2199
609	7	602
609	7	1823
609	7	1822
608	7	1036
606	7	1036
606	7	602
604	7	1819
602	7	995
602	7	2193
602	7	357
599	7	988
599	7	1827
629	7	597
621	7	599
1140	7	1264
1151	7	970
1165	7	527
1189	7	953
1189	7	957
1189	7	533
1203	7	433
1243	7	1050
1243	7	322
1228	7	1101
1259	7	2261
1255	7	1270
1254	7	1271
1252	7	1276
1285	7	1568
1285	7	1251
1276	7	1494
1276	7	1251
1272	7	1251
1271	7	1051
1703	7	1474
1729	7	1713
1729	7	1722
1745	7	1777
1746	7	459
1746	7	471
1746	7	480
1772	7	490
2189	7	494
2264	7	1979
2282	7	1948
2282	7	1988
2282	7	1982
2282	7	1979
2282	7	1978
2291	7	1956
2319	7	1473
2309	7	1473
2307	7	1916
417	7	400
420	7	414
419	7	414
454	7	439
471	7	464
478	7	471
476	7	459
476	7	457
476	7	480
491	7	482
793	7	514
836	7	794
852	7	859
876	7	890
921	7	1354
921	7	1351
921	7	1348
921	7	1344
945	7	1831
945	7	1829
945	7	45
944	7	1829
1430	7	68
1399	7	59
1399	7	68
1443	7	761
1443	7	781
1488	7	1439
1484	7	1449
1484	7	1441
1482	7	875
1482	7	1439
1478	7	1438
1584	7	403
1920	7	1933
1999	7	2004
2020	7	2051
2064	7	2061
72	7	46
72	7	40
124	7	133
146	7	215
188	7	215
215	7	124
196	7	1399
630	7	835
696	7	1279
726	7	1485
1246	7	2356
1260	7	2365
1278	7	686
1269	7	2332
1316	7	1292
1358	7	1327
1357	7	1329
1357	7	1327
1353	7	1361
1349	7	1316
1349	7	1315
1349	7	1361
1343	7	1315
1388	7	1316
1371	7	1380
1371	7	1379
1445	7	1397
1718	7	1714
1743	7	1079
1762	7	1079
1778	7	1020
1778	7	1753
1830	7	248
1821	7	1827
1858	7	1830
1848	7	323
1874	7	324
2261	7	1239
2259	7	2147
2259	7	1239
2259	7	1925
2270	7	123
2269	7	163
2289	7	1267
2285	7	1266
2285	7	1265
2298	7	139
2295	7	1253
2302	7	1267
2337	7	1620
2354	7	2350
2405	7	2371
2394	7	2403
2394	7	2401
1	7	22
436	7	2394
461	7	2401
461	7	2400
468	7	2405
465	7	2406
465	7	2401
463	7	2405
477	7	465
519	7	2128
519	7	1637
528	7	536
527	7	525
527	7	538
527	7	536
1172	7	1947
1172	7	1946
1172	7	505
1175	7	330
1237	7	1543
1529	7	1237
43	10	53
43	10	58
51	10	47
51	10	58
58	10	38
58	10	43
993	10	38
1012	10	1104
1012	10	1105
1017	10	1020
1019	10	1017
1030	10	1035
1031	10	1034
1033	10	1035
1034	10	1030
1034	10	1033
1035	10	1032
1049	10	2193
1053	10	988
1053	10	1830
1053	10	1827
1077	10	1078
1080	10	1081
1085	10	1080
1085	10	1081
1101	10	1243
1101	10	1239
1101	10	1236
1101	10	1233
1102	10	1103
1102	10	1107
1103	10	1102
1103	10	1104
1103	10	1105
1103	10	1107
1118	10	1119
1119	10	1117
1122	10	1126
1127	10	1124
1127	10	1126
1132	10	1133
1150	10	1155
1150	10	1156
1150	10	1158
2121	10	1657
2124	10	2125
2124	10	332
2125	10	2123
2134	10	2140
2144	10	2148
2157	10	2156
2163	10	1015
2164	10	969
2166	10	294
2166	10	303
2166	10	306
2167	10	2175
2173	10	1306
2175	10	286
2175	10	294
2175	10	303
2175	10	310
2184	10	2192
2191	10	1147
2191	10	2184
2194	10	2195
2194	10	2199
2194	10	602
2198	10	2194
2198	10	2199
2202	10	1875
2207	10	2201
2209	10	2103
2211	10	1890
2212	10	1853
2226	10	2231
2227	10	2223
2227	10	2224
2230	10	2226
2230	10	2237
2237	10	1070
2237	10	2223
2238	10	1070
2238	10	2230
2238	10	2231
2239	10	2243
285	10	2166
285	10	303
285	10	306
285	10	310
285	10	313
286	10	294
286	10	310
290	10	1306
290	10	1198
303	10	2175
303	10	286
303	10	310
303	10	312
303	10	313
311	10	303
312	10	288
312	10	300
317	10	315
317	10	316
317	10	318
322	10	995
324	10	1637
325	10	1611
326	10	325
327	10	325
330	10	331
331	10	1190
353	10	354
371	10	2169
371	10	2170
373	10	375
373	10	376
389	10	391
389	10	395
391	10	389
396	10	1029
397	10	1029
405	10	1029
407	10	409
411	10	1398
413	10	415
415	10	413
431	10	2168
924	10	929
948	10	1334
956	10	952
956	10	955
957	10	952
957	10	955
957	10	956
957	10	966
958	10	956
958	10	957
969	10	970
969	10	973
971	10	975
972	10	973
972	10	974
972	10	975
974	10	969
976	10	880
988	10	1053
988	10	1827
1007	10	1693
1550	10	2128
1550	10	2210
1554	10	1750
1563	10	1575
1565	10	1052
1565	10	125
1571	10	1563
1571	10	1568
1571	10	1577
1575	10	125
1577	10	1052
1577	10	1568
1577	10	1798
1585	10	1586
1586	10	1585
1586	10	1591
1586	10	1593
1587	10	1591
1591	10	1590
1601	10	1602
1602	10	1604
1602	10	2136
1606	10	2137
1606	10	2138
1616	10	1615
1617	10	1619
1618	10	2322
1619	10	1621
1628	10	2372
1636	10	2128
1636	10	1637
1636	10	1638
1637	10	2210
1637	10	1636
1637	10	1638
1637	10	1860
1657	10	1658
1658	10	319
1662	10	982
1665	10	1013
1665	10	1666
1666	10	1013
2031	10	2030
2047	10	126
2058	10	2069
2058	10	2071
2065	10	2069
2066	10	2067
2066	10	2069
2075	10	2135
2075	10	792
2088	10	2087
2095	10	361
2096	10	2112
2100	10	2209
2102	10	2103
2104	10	2101
2109	10	773
2109	10	771
2109	10	808
2109	10	802
2109	10	801
2112	10	2110
2118	10	1631
2136	10	1779
2139	10	2137
2145	10	1628
2145	10	2372
137	10	695
140	10	995
140	10	357
142	10	1243
250	10	1276
289	10	832
289	10	831
296	10	828
297	10	525
305	10	697
305	10	702
305	10	704
308	10	305
697	10	301
697	10	702
702	10	304
703	10	304
703	10	704
705	10	820
707	10	708
707	10	729
728	10	707
728	10	708
734	10	733
736	10	734
736	10	735
736	10	750
779	10	782
779	10	785
779	10	787
781	10	787
782	10	759
782	10	781
806	10	815
811	10	819
811	10	821
820	10	705
863	10	844
868	10	1201
870	10	789
870	10	874
870	10	1449
870	10	1441
872	10	874
872	10	875
872	10	1438
874	10	789
875	10	1449
875	10	1441
879	10	1478
886	10	1416
1394	10	1416
1456	10	1460
1460	10	1462
1520	10	1646
1526	10	1533
1533	10	1532
1559	10	1558
1569	10	1224
1570	10	2356
1808	10	1815
1837	10	1817
1837	10	1838
1863	10	2081
1864	10	2083
1867	10	2081
1871	10	1894
1935	10	1938
1989	10	1994
2040	10	2048
2041	10	2043
2041	10	2046
2041	10	2048
2042	10	2024
2042	10	2040
101	10	2055
101	10	98
101	10	93
101	10	91
98	10	89
93	10	62
123	10	118
121	10	118
165	10	123
165	10	118
154	10	156
152	10	147
147	10	150
147	10	148
179	10	184
207	10	202
205	10	204
229	10	226
226	10	228
239	10	240
271	10	240
271	10	239
271	10	238
261	10	1607
658	10	641
672	10	649
672	10	670
667	10	672
693	10	137
693	10	695
688	10	687
688	10	684
684	10	688
684	10	687
751	10	753
743	10	746
739	10	1664
738	10	777
774	10	805
773	10	2109
773	10	771
773	10	767
771	10	773
814	10	802
802	10	801
801	10	774
801	10	773
801	10	762
833	10	289
833	10	832
831	10	832
830	10	826
826	10	830
857	10	853
1280	10	855
1280	10	853
1280	10	851
1287	10	1286
1311	10	1287
1311	10	1286
1312	10	1326
1312	10	1322
1328	10	1323
1328	10	1322
1326	10	1328
1326	10	1325
1325	10	1323
1323	10	1312
1323	10	1328
1314	10	1359
1314	10	1347
1356	10	1314
1356	10	1360
1356	10	1347
1354	10	1314
1354	10	1356
1354	10	1352
1354	10	1348
1352	10	1360
1352	10	1356
1352	10	1341
1351	10	1314
1351	10	1360
1351	10	1344
1342	10	1351
1342	10	1341
1341	10	1360
1377	10	2380
1372	10	28
1455	10	1396
1455	10	1434
1455	10	1432
1451	10	411
1451	10	1437
1451	10	1436
1451	10	1432
1442	10	1455
1442	10	1447
1442	10	1444
1442	10	1436
1442	10	1434
1483	10	1479
1467	10	1471
1467	10	1499
1465	10	1499
1506	10	1471
1506	10	1465
1506	10	1502
1502	10	1403
1502	10	1468
1499	10	1471
1494	10	248
1810	10	1834
1810	10	2373
1791	10	1810
1791	10	2373
1831	10	954
1828	10	45
1828	10	954
1861	10	2033
1857	10	2062
1857	10	2061
1854	10	2064
1887	10	1881
1877	10	2028
1915	10	2278
1959	10	1934
1959	10	1954
1958	10	1954
1948	10	1991
1948	10	1978
1947	10	1988
1947	10	1979
1946	10	1948
1978	10	1946
1978	10	1944
1978	10	1988
1978	10	1982
1975	10	1973
1973	10	1975
2013	10	2282
2312	10	2008
2339	10	2336
2388	10	2370
10	10	11
7	10	2215
0	10	55
55	10	0
29	10	1372
29	10	28
28	10	1372
28	10	27
73	10	74
96	10	87
94	10	96
87	10	96
508	10	521
518	10	517
517	10	518
567	10	1713
567	10	1712
612	10	614
612	10	606
612	10	604
609	10	606
604	10	614
604	10	606
602	10	2198
599	10	598
629	10	627
1138	10	1140
1169	10	553
1189	10	868
1199	10	1221
1199	10	1227
1192	10	433
1245	10	322
1245	10	357
1245	10	140
1243	10	2147
1243	10	1925
1236	10	1925
1228	10	144
1261	10	1262
1255	10	1254
1285	10	2047
1306	10	2172
1306	10	290
1306	10	1197
1669	10	1674
1688	10	899
1700	10	901
1722	10	1733
1722	10	1731
1720	10	567
1720	10	1715
1720	10	1722
1729	10	565
1745	10	1751
1755	10	1780
1755	10	1777
1782	10	1755
2189	10	2187
2189	10	2185
2287	10	719
2287	10	712
2307	10	2309
443	10	441
443	10	439
471	10	457
471	10	470
476	10	478
799	10	796
794	10	793
834	10	829
829	10	827
827	10	825
867	10	859
864	10	859
878	10	890
878	10	877
916	10	1215
946	10	942
945	10	946
945	10	944
945	10	941
945	10	960
944	10	945
1399	10	1430
1449	10	1443
1443	10	870
1443	10	874
1443	10	1438
1488	10	1482
1482	10	880
1478	10	1482
1470	10	633
2004	10	2000
2020	10	2018
2051	10	2019
2064	10	2063
2062	10	2060
46	10	1511
46	10	32
46	10	60
44	10	40
44	10	60
40	10	32
36	10	32
68	10	1406
117	10	92
108	10	106
130	10	133
124	10	127
124	10	120
124	10	119
146	10	188
146	10	185
146	10	182
188	10	185
188	10	181
185	10	146
215	10	153
198	10	234
196	10	234
595	10	61
595	10	594
634	10	601
623	10	1223
617	10	656
671	10	2301
726	10	2162
719	10	2287
719	10	715
717	10	714
715	10	2287
715	10	719
714	10	712
712	10	717
712	10	710
1215	10	916
1258	10	1260
1307	10	1305
1332	10	1329
1316	10	1315
1361	10	1316
1361	10	1315
1353	10	1350
1350	10	1349
1349	10	1353
1349	10	1350
1343	10	1340
1388	10	1340
1384	10	1380
1380	10	1384
1374	10	1375
1397	10	1453
1458	10	1397
1743	10	1762
1827	10	1053
1823	10	1822
1822	10	1823
1821	10	323
1819	10	1823
1819	10	1856
1858	10	1823
1897	10	1892
2261	10	1229
2261	10	1922
2298	10	2284
2295	10	2294
2303	10	2302
2302	10	2303
2337	10	2340
2350	10	2348
2364	10	2361
2364	10	2357
2362	10	2357
2357	10	2362
2372	10	2145
2405	10	2400
2400	10	2406
2400	10	2403
2394	10	2395
49	10	48
429	10	447
468	10	465
463	10	466
541	10	557
556	10	540
556	10	571
540	10	572
578	10	1423
578	10	1369
1136	10	1141
1172	10	1973
1235	10	1237
1539	10	1241
1539	10	1543
1529	10	1226
31	0	38
31	0	51
31	0	53
31	0	993
38	0	1102
47	0	1126
53	0	924
994	0	1019
1029	0	1035
1037	0	2124
1038	0	1057
1050	0	1036
1050	0	2199
1052	0	1830
1052	0	1827
1054	0	1049
1071	0	1085
1073	0	1077
1081	0	1090
1094	0	2151
1097	0	1132
1146	0	338
1147	0	1153
1147	0	1155
1147	0	1158
1153	0	1609
2123	0	1079
2123	0	1634
2131	0	2140
2142	0	2144
2156	0	1617
2158	0	1671
2162	0	1338
2162	0	1411
2162	0	1409
2165	0	288
2165	0	294
2165	0	303
2165	0	306
2165	0	312
2168	0	2170
2168	0	371
2170	0	1029
2170	0	397
2181	0	2231
2181	0	2237
2195	0	609
2210	0	1890
2217	0	1393
2221	0	2217
2253	0	452
314	0	316
321	0	357
323	0	2210
323	0	1860
341	0	1304
352	0	354
357	0	2095
372	0	373
377	0	379
388	0	395
406	0	409
406	0	410
424	0	426
908	0	909
950	0	955
950	0	958
952	0	2114
966	0	1189
966	0	1201
967	0	974
978	0	774
978	0	801
985	0	982
992	0	1665
1044	0	1683
1066	0	1007
1066	0	1694
1542	0	1066
1545	0	1588
1545	0	1590
1553	0	2036
1561	0	1563
1561	0	1575
1607	0	1521
1613	0	1615
1623	0	1624
1629	0	2159
1631	0	2145
1631	0	2372
1634	0	1762
1641	0	199
2056	0	2098
2057	0	2069
2074	0	2083
2079	0	1928
2098	0	2099
2098	0	2101
2101	0	1250
2129	0	1573
138	0	1266
141	0	142
143	0	144
167	0	169
173	0	183
208	0	212
214	0	216
220	0	235
245	0	2107
245	0	1796
248	0	1276
252	0	253
255	0	1277
255	0	1274
265	0	1287
266	0	267
268	0	269
277	0	278
280	0	281
295	0	296
298	0	308
298	0	702
706	0	708
706	0	724
706	0	728
706	0	729
758	0	759
758	0	761
758	0	781
758	0	787
760	0	1439
791	0	553
792	0	705
792	0	811
792	0	815
792	0	820
821	0	1475
843	0	837
847	0	732
865	0	1522
883	0	1394
888	0	1425
920	0	1047
922	0	1048
1337	0	1226
1390	0	1392
1414	0	2366
1448	0	1369
1463	0	1464
1463	0	1476
1480	0	1481
1509	0	1493
1547	0	1551
1557	0	1559
1562	0	1809
1562	0	1815
1812	0	1843
1870	0	1894
1898	0	1902
1926	0	1935
1926	0	1937
1939	0	1940
1939	0	1941
1942	0	1955
1969	0	1987
2033	0	2043
2033	0	2046
109	0	616
158	0	2269
209	0	1264
197	0	1644
224	0	222
222	0	1255
251	0	249
242	0	239
645	0	659
637	0	670
637	0	669
682	0	662
689	0	687
721	0	713
711	0	709
711	0	739
755	0	753
778	0	889
778	0	1280
839	0	289
839	0	832
839	0	831
824	0	861
855	0	2409
1308	0	1289
1300	0	254
1330	0	1323
1317	0	1356
1317	0	1342
1389	0	488
1418	0	882
1401	0	1398
1401	0	1396
1401	0	1451
1401	0	1442
1401	0	1435
1401	0	1434
1752	0	1760
1767	0	1765
1783	0	1797
1775	0	1764
1793	0	2053
1825	0	136
1841	0	1820
1859	0	919
1895	0	1877
1928	0	1919
1914	0	1934
1914	0	1962
1977	0	1975
2010	0	2314
2355	0	1669
2355	0	1674
2368	0	1510
2368	0	1408
2396	0	2410
45	0	87
33	0	1424
69	0	67
84	0	82
80	0	116
509	0	523
521	0	2010
539	0	1950
548	0	589
569	0	1712
569	0	1710
569	0	1720
569	0	1732
573	0	590
597	0	624
619	0	2309
681	0	1828
681	0	45
681	0	954
1137	0	671
1157	0	1630
1157	0	129
1148	0	1199
1148	0	1212
1148	0	1209
1164	0	979
1160	0	1165
1171	0	1162
1171	0	527
1201	0	981
1672	0	341
1670	0	1515
1670	0	1514
1686	0	1684
1737	0	1759
1754	0	1751
1774	0	2178
2190	0	2187
2190	0	2185
2190	0	2174
2190	0	2197
2204	0	638
2247	0	2244
2341	0	80
384	0	374
448	0	485
460	0	457
460	0	471
460	0	470
803	0	796
917	0	1273
938	0	941
938	0	960
1408	0	1430
1457	0	196
1505	0	1466
1951	0	1945
1993	0	655
1976	0	1974
1971	0	1980
2018	0	2017
13	0	19
50	0	44
50	0	30
78	0	92
78	0	117
110	0	108
110	0	106
155	0	153
155	0	215
203	0	1406
582	0	594
633	0	622
631	0	617
660	0	1378
679	0	1448
666	0	1072
699	0	719
699	0	712
694	0	661
752	0	1705
748	0	745
1217	0	916
1217	0	1210
1267	0	2285
1266	0	2292
1265	0	2302
1290	0	1269
1288	0	1290
1309	0	1305
1299	0	1428
1321	0	1318
1321	0	1361
1355	0	1349
1345	0	1340
1345	0	1388
1417	0	1413
1716	0	1711
1716	0	1709
1725	0	1306
1798	0	1303
1813	0	1775
1826	0	1822
2310	0	2340
2328	0	2331
2328	0	2348
2325	0	2390
2331	0	2359
2329	0	2354
2329	0	2369
2408	0	2405
2408	0	2403
2397	0	2394
2395	0	12
455	0	468
481	0	474
489	0	483
496	0	510
544	0	63
1091	0	1089
1088	0	1086
1083	0	1249
1128	0	1112
1154	0	1362
1159	0	1163
1208	0	1211
1241	0	1237
1232	0	1543
1232	0	1539
34	4	51
43	4	996
43	4	999
58	4	2157
997	4	1030
997	4	1034
1002	4	1014
1002	4	252
1011	4	1102
1012	4	1586
1012	4	1588
1012	4	1590
1013	4	1038
1013	4	1111
1013	4	1124
1013	4	1126
1016	4	1017
1016	4	1019
1017	4	2036
1034	4	2132
1036	4	1056
1036	4	1069
1049	4	1036
1049	4	2199
1051	4	988
1053	4	1660
1053	4	598
1076	4	1077
1079	4	1081
1079	4	1085
1080	4	2150
1080	4	2151
1085	4	1393
1102	4	1118
1133	4	937
2124	4	2030
2130	4	2160
2130	4	1961
2132	4	1334
2133	4	2140
2152	4	2153
2152	4	924
2152	4	927
2159	4	209
2161	4	1671
2164	4	2175
2164	4	310
2166	4	2170
2166	4	371
2167	4	31
2171	4	1029
2171	4	397
2171	4	405
2180	4	2225
2180	4	2230
2180	4	2231
2184	4	2201
2193	4	2211
2193	4	1885
2201	4	2074
2201	4	1562
2209	4	1577
2209	4	2045
2218	4	2217
2222	4	1099
2226	4	452
286	4	315
286	4	316
286	4	318
303	4	345
320	4	1050
320	4	322
322	4	1636
324	4	331
333	4	1094
333	4	1676
342	4	2098
343	4	229
343	4	227
343	4	226
345	4	355
353	4	360
353	4	361
353	4	362
353	4	2095
373	4	378
373	4	385
386	4	387
396	4	407
396	4	408
411	4	1411
423	4	428
423	4	2022
425	4	1929
425	4	1935
425	4	1937
426	4	1941
427	4	1943
427	4	1955
431	4	321
431	4	900
901	4	431
914	4	1609
914	4	261
949	4	958
979	4	1189
979	4	1187
979	4	1186
979	4	1201
980	4	320
982	4	1016
984	4	1054
984	4	982
984	4	1662
986	4	983
988	4	323
991	4	1667
1004	4	293
1007	4	333
1009	4	1146
1025	4	1024
1027	4	1021
1043	4	1008
1043	4	1683
1062	4	1060
1064	4	1007
1064	4	1694
1064	4	1693
1550	4	326
1554	4	1603
1576	4	1673
1576	4	1292
1585	4	2065
1585	4	2069
1585	4	2071
1603	4	2138
1610	4	1639
1610	4	213
1612	4	1521
1617	4	1253
1617	4	1267
1617	4	1266
1617	4	1265
1621	4	2340
1621	4	2337
1622	4	1624
1624	4	1626
1630	4	1628
1632	4	1762
1642	4	205
1642	4	204
1650	4	1651
2031	4	1541
2065	4	2081
2065	4	2083
2065	4	1864
2065	4	1865
2067	4	2088
2075	4	1818
2080	4	1928
2095	4	121
2095	4	118
2095	4	165
2096	4	2099
2096	4	2104
2106	4	344
2109	4	2112
2113	4	1656
2119	4	2122
2127	4	1573
2145	4	2149
135	4	137
140	4	1101
140	4	2147
140	4	142
140	4	1239
140	4	1233
144	4	1643
144	4	1264
164	4	168
164	4	169
192	4	194
210	4	212
212	4	216
217	4	218
219	4	220
219	4	718
219	4	713
219	4	778
221	4	235
235	4	230
235	4	231
246	4	1270
247	4	126
250	4	1255
264	4	265
279	4	281
291	4	826
291	4	871
297	4	301
297	4	701
297	4	703
705	4	707
705	4	708
705	4	724
705	4	728
705	4	729
705	4	733
705	4	736
757	4	759
757	4	761
757	4	781
757	4	787
779	4	705
779	4	817
779	4	820
788	4	870
788	4	1441
788	4	1439
788	4	1438
790	4	553
804	4	1564
835	4	1086
845	4	732
849	4	880
849	4	1484
849	4	1482
849	4	1478
863	4	2109
863	4	774
863	4	771
863	4	764
863	4	812
881	4	863
881	4	797
882	4	886
882	4	888
882	4	1395
893	4	1068
902	4	1046
923	4	1048
930	4	1062
934	4	1063
1362	4	1364
1391	4	1392
1391	4	1167
1394	4	1456
1394	4	1461
1394	4	1464
1424	4	1425
1425	4	1381
1426	4	1425
1427	4	1425
1428	4	640
1429	4	2353
1429	4	2368
1429	4	2366
1489	4	1486
1516	4	1466
1520	4	1538
1520	4	1544
1521	4	1551
1521	4	1559
1807	4	1812
1807	4	1815
1840	4	1842
1840	4	1843
1864	4	1902
1964	4	1966
1964	4	1967
1995	4	1996
1995	4	1997
1995	4	1998
2040	4	883
2040	4	2055
2040	4	62
2040	4	100
2040	4	95
2040	4	91
2040	4	89
2042	4	107
136	4	2032
118	4	2280
118	4	2279
154	4	179
229	4	237
226	4	241
226	4	239
226	4	238
240	4	257
258	4	653
646	4	659
646	4	658
676	4	649
676	4	672
676	4	670
676	4	669
676	4	667
667	4	662
693	4	687
693	4	684
720	4	742
720	4	741
709	4	753
743	4	289
743	4	832
743	4	831
1289	4	1287
1331	4	1319
1338	4	1314
1338	4	1354
1338	4	1352
1338	4	1351
1338	4	1348
1338	4	1344
1352	4	488
1352	4	487
1352	4	896
1351	4	136
1351	4	2077
1341	4	918
1385	4	282
1383	4	1386
1372	4	1424
1370	4	2393
1420	4	882
1404	4	1428
1403	4	1398
1403	4	1396
1403	4	1447
1403	4	1444
1403	4	1442
1403	4	1437
1403	4	1436
1403	4	1435
1403	4	1434
1403	4	1432
1403	4	1431
1403	4	1487
1403	4	1474
1479	4	2342
1473	4	1403
1473	4	1504
1498	4	898
1497	4	1051
1497	4	248
1769	4	1786
1804	4	1802
1849	4	2062
1847	4	882
1873	4	2177
1934	4	1921
1934	4	1919
1915	4	1934
1915	4	1962
1915	4	512
1950	4	1948
1950	4	1982
1978	4	1975
1978	4	1956
2327	4	1915
2321	4	2329
2321	4	2376
2321	4	2390
2356	4	1669
2356	4	1674
2387	4	1510
2387	4	1408
2382	4	1377
2382	4	2380
2380	4	2377
2399	4	2410
25	4	569
55	4	42
42	4	29
42	4	28
26	4	74
75	4	74
70	4	2382
97	4	87
85	4	82
115	4	112
511	4	508
511	4	1981
520	4	518
520	4	2283
531	4	1707
529	4	2010
526	4	1950
546	4	1715
546	4	1712
546	4	1710
546	4	1720
546	4	1719
546	4	1733
546	4	1732
546	4	1731
567	4	565
567	4	1729
565	4	561
632	4	629
626	4	621
620	4	624
1151	4	1199
1151	4	1221
1151	4	1212
1151	4	1209
1151	4	1207
1151	4	1225
1165	4	533
1162	4	1165
1173	4	1162
1173	4	527
1196	4	1193
1196	4	1192
1214	4	1204
1243	4	1229
1243	4	1922
1243	4	2259
1306	4	676
1306	4	1301
1671	4	1515
1671	4	1514
1671	4	1513
1680	4	923
1685	4	906
1690	4	1691
1687	4	899
1698	4	1485
1745	4	1759
1758	4	1737
1746	4	1777
1746	4	2178
1746	4	2188
1746	4	2186
1746	4	2185
1746	4	2174
1746	4	2197
2216	4	52
2232	4	556
2232	4	572
2265	4	2266
2257	4	2260
2273	4	2276
2300	4	497
2296	4	2299
2293	4	1930
2320	4	1472
2313	4	655
2344	4	80
2334	4	2338
349	4	723
346	4	347
365	4	1003
394	4	381
390	4	404
403	4	392
400	4	401
399	4	398
418	4	435
434	4	432
443	4	454
449	4	494
449	4	490
449	4	485
462	4	470
470	4	478
494	4	491
516	4	515
504	4	507
740	4	524
769	4	775
867	4	858
887	4	890
887	4	877
885	4	887
897	4	1814
894	4	895
961	4	1463
961	4	90
1421	4	2379
1430	4	2375
1466	4	1469
1466	4	616
1500	4	1501
1555	4	1556
1579	4	1589
1581	4	1582
1599	4	1600
1598	4	1599
1899	4	1597
1891	4	1893
1888	4	1891
1886	4	1888
1909	4	1882
1933	4	1872
1924	4	1920
1911	4	1880
1911	4	1912
1963	4	1911
1960	4	1963
1952	4	1945
1986	4	1984
1980	4	511
1980	4	1974
2004	4	2005
2002	4	2003
2000	4	1999
2019	4	2018
2039	4	1793
2068	4	2402
2092	4	2404
54	4	46
83	4	201
81	4	92
81	4	117
117	4	133
134	4	122
153	4	185
153	4	182
206	4	59
615	4	601
634	4	622
647	4	1157
644	4	2389
642	4	1378
642	4	1258
668	4	290
668	4	1194
665	4	666
663	4	1705
696	4	661
766	4	768
813	4	809
809	4	1213
809	4	1210
1329	4	1318
1329	4	1316
1329	4	1361
1318	4	1349
1361	4	1340
1361	4	1388
1358	4	1384
1353	4	1413
1384	4	1374
1384	4	1371
1371	4	1723
1402	4	1453
1450	4	1445
1721	4	1717
1794	4	1775
1833	4	1835
1827	4	1858
1821	4	1897
1856	4	609
1856	4	606
1856	4	604
1845	4	2129
1883	4	1495
2271	4	1625
2277	4	2289
2297	4	2292
2305	4	2303
2305	4	2302
2347	4	2362
2372	4	2405
2372	4	2403
2372	4	2401
2405	4	2395
2400	4	466
2398	4	2408
2394	4	37
2394	4	440
24	4	14
24	4	12
3	4	2
437	4	450
466	4	475
486	4	483
486	4	501
607	4	668
1098	4	1790
1131	4	1112
1142	4	1121
1166	4	1139
1161	4	1163
1185	4	1184
1177	4	1175
1220	4	424
1218	4	1226
1242	4	1237
1242	4	1534
1537	4	1242
38	5	1015
38	5	1019
38	5	1020
38	5	1124
38	5	1126
38	5	1150
38	5	1155
38	5	2158
38	5	2163
38	5	924
47	5	996
47	5	997
47	5	1018
47	5	1102
47	5	1110
47	5	1150
47	5	1158
47	5	2156
53	5	1015
53	5	1018
53	5	1019
53	5	1038
53	5	1102
53	5	1104
53	5	1110
53	5	1111
53	5	1126
53	5	1150
53	5	1153
53	5	1156
57	5	998
57	5	1019
57	5	1102
57	5	1110
57	5	1124
57	5	1126
57	5	1158
57	5	2157
57	5	2158
57	5	924
57	5	927
57	5	929
994	5	999
994	5	1015
994	5	1038
994	5	1102
994	5	1103
994	5	1122
994	5	1126
994	5	1156
994	5	924
995	5	360
995	5	1243
998	5	1033
999	5	1030
999	5	1034
1000	5	1030
1000	5	1031
1000	5	1032
1000	5	1035
1014	5	253
1018	5	2036
1029	5	415
1032	5	1073
1032	5	1096
1037	5	1118
1038	5	1117
1038	5	1119
1050	5	997
1050	5	1001
1050	5	142
1052	5	1594
1052	5	2047
1052	5	126
1054	5	1013
1054	5	2121
1054	5	1657
1054	5	1666
1073	5	1081
1073	5	1085
1081	5	2151
1104	5	1119
1104	5	328
1104	5	1585
1104	5	1588
1107	5	1117
1109	5	328
1109	5	329
1109	5	1585
1109	5	1593
1109	5	1611
1110	5	329
1110	5	1593
1111	5	1056
1111	5	1057
1111	5	1058
1111	5	1632
1124	5	1055
1124	5	1056
1124	5	1057
1124	5	1119
1124	5	2124
1124	5	2125
1126	5	1056
1126	5	1117
1126	5	2124
1126	5	1632
1147	5	2198
1147	5	2207
1147	5	1881
1147	5	602
1153	5	2074
1155	5	260
1156	5	1609
1156	5	1610
1156	5	261
1158	5	1609
1158	5	1562
1158	5	261
2156	5	1671
2158	5	1617
2158	5	1619
2160	5	1964
2168	5	321
2169	5	376
2182	5	1080
2182	5	1762
2183	5	1649
2195	5	1055
2195	5	1058
2195	5	2028
2199	5	1069
2199	5	1877
2199	5	614
2199	5	609
2210	5	1611
2210	5	510
2223	5	1073
2223	5	453
2224	5	1073
2231	5	1071
2231	5	452
288	5	2179
288	5	318
294	5	2170
294	5	317
294	5	371
300	5	2179
307	5	31
307	5	2169
307	5	317
307	5	318
310	5	2170
313	5	2179
323	5	1848
323	5	1897
328	5	1613
328	5	199
332	5	1079
332	5	1647
332	5	2031
337	5	2150
357	5	998
357	5	602
357	5	1925
361	5	165
361	5	163
911	5	397
952	5	2164
952	5	968
952	5	969
952	5	973
952	5	1189
952	5	1201
952	5	1700
953	5	974
953	5	2114
953	5	868
953	5	1189
953	5	1201
953	5	1700
955	5	969
955	5	973
955	5	2114
955	5	1700
965	5	968
965	5	2114
965	5	244
966	5	968
966	5	971
968	5	311
968	5	1151
970	5	2167
970	5	2175
970	5	294
970	5	1216
973	5	303
973	5	313
975	5	2166
975	5	288
975	5	300
975	5	306
975	5	307
975	5	313
978	5	951
978	5	952
978	5	953
978	5	955
978	5	966
981	5	1221
990	5	2171
990	5	909
1568	5	1053
1568	5	2047
1568	5	1303
1568	5	1830
1568	5	1827
1593	5	2071
1594	5	1109
1604	5	2139
1609	5	1646
1609	5	1521
1613	5	204
1623	5	695
1631	5	2119
1634	5	1080
1634	5	1085
1634	5	1649
1638	5	325
1638	5	1890
1638	5	519
1641	5	150
1641	5	2270
1641	5	2268
1641	5	2279
1647	5	1087
1647	5	1762
1660	5	1036
1660	5	1150
1660	5	2194
1660	5	2198
1660	5	2199
1660	5	2207
1660	5	1881
1664	5	289
1664	5	833
1667	5	1127
2026	5	2035
2030	5	1540
2045	5	1053
2045	5	1303
2069	5	2081
2069	5	2087
2069	5	2091
2069	5	1865
2071	5	2084
2071	5	2087
2071	5	1864
2074	5	1557
2074	5	1812
2083	5	1894
2083	5	1901
2083	5	1908
2099	5	1568
2099	5	1571
2099	5	1575
2099	5	1250
2101	5	1052
2101	5	1563
2101	5	1568
2101	5	125
2103	5	1565
2103	5	1250
2111	5	2097
2138	5	1616
2141	5	909
2141	5	989
2147	5	144
2147	5	2261
160	5	145
173	5	2114
193	5	194
220	5	851
220	5	889
220	5	1280
248	5	1830
252	5	2163
295	5	135
295	5	664
708	5	299
708	5	308
708	5	697
730	5	305
730	5	700
730	5	701
731	5	305
731	5	308
731	5	700
731	5	704
750	5	754
750	5	756
761	5	819
761	5	820
761	5	872
761	5	1439
761	5	1438
785	5	705
785	5	806
785	5	815
785	5	817
785	5	821
785	5	874
785	5	1449
785	5	1440
787	5	705
787	5	817
787	5	820
787	5	1443
789	5	603
792	5	2363
815	5	728
817	5	728
817	5	735
817	5	1475
818	5	730
818	5	1475
819	5	707
819	5	729
819	5	731
819	5	735
819	5	736
819	5	1957
821	5	707
821	5	728
821	5	729
821	5	848
888	5	2368
888	5	2366
1390	5	1393
1395	5	1452
1395	5	1460
1395	5	1464
1395	5	1476
1395	5	1481
1395	5	2368
1395	5	2366
1414	5	1460
1414	5	1461
1414	5	1476
1414	5	1481
1414	5	2384
1419	5	1459
1419	5	2366
1463	5	582
1510	5	1430
1557	5	1838
1562	5	1865
1564	5	1818
1811	5	1844
1817	5	1839
1968	5	1983
1969	5	1626
1969	5	1627
1969	5	1996
2007	5	2021
2043	5	95
2043	5	89
2048	5	101
2050	5	62
2050	5	101
2050	5	98
2050	5	91
2055	5	1394
2055	5	1419
62	5	1394
62	5	1419
100	5	1394
100	5	1419
95	5	1394
91	5	886
91	5	888
91	5	1394
91	5	1414
91	5	1416
91	5	1419
89	5	1394
89	5	1395
89	5	1419
132	5	2041
132	5	2042
125	5	1011
125	5	1830
125	5	1827
163	5	1613
163	5	2280
150	5	179
148	5	179
209	5	139
199	5	1615
199	5	207
228	5	223
228	5	237
228	5	239
228	5	271
227	5	223
227	5	237
227	5	243
227	5	241
227	5	271
225	5	1664
225	5	709
225	5	746
260	5	1521
643	5	672
643	5	667
637	5	914
670	5	664
662	5	727
695	5	684
718	5	747
716	5	709
716	5	747
716	5	743
742	5	289
786	5	235
784	5	857
784	5	851
780	5	853
777	5	855
777	5	853
777	5	889
777	5	1283
777	5	1280
762	5	2110
805	5	2096
856	5	682
856	5	2409
851	5	295
889	5	2409
1283	5	682
1283	5	2388
1277	5	1287
1277	5	1311
1275	5	1287
1360	5	1331
1360	5	1810
1360	5	896
1360	5	919
1360	5	918
1359	5	136
1359	5	1810
1359	5	2077
1348	5	2077
1347	5	1331
1347	5	1834
1347	5	2339
1344	5	1810
1344	5	1791
1344	5	1824
1411	5	1354
1411	5	1351
1411	5	1341
1409	5	1347
1409	5	1344
1396	5	1411
1447	5	1338
1447	5	1409
1444	5	1409
1436	5	1338
1436	5	1415
1435	5	1338
1432	5	1409
1487	5	1338
1485	5	1704
1471	5	411
1471	5	1447
1471	5	1431
1471	5	1474
1471	5	116
1471	5	115
1468	5	1432
1468	5	116
1468	5	1990
1504	5	1455
1504	5	1444
1504	5	1442
1504	5	1436
1504	5	1434
1504	5	1432
1504	5	1431
1834	5	1831
1875	5	1562
1921	5	1471
1921	5	2307
1919	5	2319
1919	5	2309
1919	5	2307
1916	5	1502
1962	5	1921
1962	5	1707
1954	5	1473
1954	5	498
1953	5	1921
1944	5	518
1944	5	2282
1944	5	1172
1991	5	1975
1991	5	1973
1991	5	517
1991	5	1172
1988	5	1973
1982	5	1973
1982	5	1956
1982	5	1172
1979	5	1975
1979	5	1956
2332	5	1900
2365	5	1378
2365	5	1260
45	5	1418
45	5	946
45	5	944
488	5	1312
488	5	1326
488	5	1319
487	5	1312
487	5	1325
487	5	1322
487	5	1319
1187	5	981
1187	5	1216
1186	5	981
1186	5	1151
1186	5	1148
1201	5	1216
1216	5	1199
1239	5	1228
1239	5	1922
1239	5	2261
1239	5	2323
1239	5	473
1233	5	1623
1233	5	1229
1233	5	2323
1264	5	145
1264	5	205
1264	5	1140
1251	5	2047
1250	5	1272
1250	5	1271
1270	5	253
1298	5	672
1298	5	1074
1683	5	333
1719	5	1729
1733	5	565
1732	5	565
1727	5	508
1727	5	521
1780	5	1751
1777	5	1751
2283	5	2312
2283	5	2311
368	5	1572
439	5	335
439	5	454
480	5	476
490	5	2178
490	5	2188
485	5	1772
485	5	2187
485	5	493
482	5	1777
482	5	2187
482	5	2186
954	5	1418
954	5	42
954	5	96
954	5	940
1441	5	1488
1440	5	1482
1439	5	880
1439	5	1488
1438	5	976
1956	5	2278
2061	5	1854
92	5	134
88	5	1476
133	5	119
120	5	153
120	5	215
601	5	656
616	5	835
616	5	1818
1210	5	1291
1210	5	1273
1253	5	2295
1253	5	2294
1253	5	2292
1253	5	2304
1267	5	2290
1267	5	2288
1267	5	2292
1266	5	2289
1266	5	2303
1266	5	2301
1265	5	673
1265	5	2285
1265	5	2298
1265	5	2295
1265	5	2292
1327	5	1357
1379	5	1374
1753	5	1603
1750	5	1601
1750	5	1602
1750	5	1604
1750	5	2136
1779	5	1606
1798	5	2047
1798	5	126
1798	5	1830
1798	5	1827
1860	5	1095
1860	5	328
1860	5	330
1860	5	1634
1860	5	1890
1860	5	510
1860	5	1190
1925	5	144
1925	5	2259
1925	5	2323
2329	5	2359
2329	5	2383
2348	5	2362
2348	5	2361
2348	5	2359
2348	5	2357
2348	5	2378
2406	5	2394
2406	5	463
2403	5	2394
2403	5	461
2391	5	22
2391	5	12
20	5	5
20	5	49
12	5	5
473	5	1624
533	5	1189
533	5	1196
525	5	697
538	5	308
536	5	299
536	5	308
536	5	700
536	5	701
536	5	704
551	5	759
551	5	760
551	5	761
551	5	781
551	5	787
550	5	781
550	5	785
550	5	787
583	5	1456
583	5	1462
580	5	1452
580	5	611
611	5	1516
1092	5	2363
1086	5	1249
1190	5	2131
1190	5	2132
1198	5	31
1198	5	1699
1197	5	31
1194	5	31
1194	5	1699
1549	5	1337
1543	5	1237
43	6	1020
43	6	1037
43	6	1038
43	6	1105
43	6	1110
43	6	1127
43	6	2156
51	6	997
51	6	998
51	6	1020
51	6	1103
51	6	1110
51	6	1127
51	6	2157
58	6	997
58	6	999
58	6	1019
58	6	1020
58	6	1102
58	6	924
58	6	927
993	6	997
993	6	1000
993	6	1019
993	6	1020
993	6	1124
993	6	1126
993	6	1150
1001	6	1622
1012	6	1117
1012	6	1119
1012	6	326
1013	6	996
1013	6	997
1013	6	1000
1013	6	1018
1013	6	1102
1013	6	1104
1013	6	1110
1013	6	1150
1013	6	1155
1013	6	1158
1013	6	2156
1016	6	999
1016	6	1000
1016	6	1015
1016	6	1038
1016	6	1102
1016	6	1103
1016	6	1110
1016	6	1122
1016	6	1126
1016	6	1156
1016	6	2158
1016	6	332
1016	6	924
1016	6	927
1019	6	1604
1019	6	2036
1019	6	2136
1019	6	1779
1020	6	1603
1020	6	1604
1030	6	1133
1033	6	2132
1034	6	1132
1035	6	1096
1035	6	1132
1036	6	612
1049	6	997
1049	6	1000
1049	6	1001
1049	6	1150
1049	6	2210
1049	6	142
1049	6	1875
1049	6	1239
1049	6	1233
1051	6	1272
1053	6	1823
1053	6	1822
1053	6	1819
1076	6	1081
1076	6	1085
1079	6	1078
1080	6	1339
1080	6	1181
1085	6	2150
1085	6	1167
1101	6	1030
1101	6	1031
1101	6	1032
1101	6	1035
1101	6	1922
1101	6	2263
1102	6	1585
1102	6	1591
1103	6	1117
1103	6	1119
1103	6	325
1103	6	326
1103	6	1586
1103	6	1587
1103	6	1590
1105	6	1118
1105	6	1119
1105	6	1587
1105	6	1590
1105	6	1611
1122	6	1118
1122	6	2123
1122	6	2124
1122	6	260
1127	6	1069
1127	6	1119
1127	6	2123
1127	6	1632
1127	6	1633
1132	6	1143
1150	6	1610
1150	6	1562
1150	6	260
2124	6	2026
2125	6	2183
2125	6	2030
2125	6	2031
2128	6	2211
2128	6	1890
2128	6	1190
2130	6	1033
2132	6	2146
2133	6	2146
2152	6	998
2152	6	1015
2152	6	1018
2152	6	1019
2152	6	1038
2152	6	1102
2152	6	1104
2152	6	1110
2152	6	1111
2152	6	1124
2152	6	1126
2152	6	1150
2152	6	1153
2152	6	1156
2161	6	1617
2161	6	1619
2164	6	2177
2166	6	315
2166	6	316
2166	6	318
2167	6	315
2167	6	318
2171	6	913
2173	6	1301
2175	6	316
2175	6	318
2184	6	1036
2191	6	1155
2191	6	1156
2191	6	1158
2191	6	2194
2191	6	2201
2191	6	1875
2192	6	1153
2192	6	1155
2192	6	2201
2192	6	1890
2193	6	1150
2193	6	1153
2193	6	1156
2193	6	2202
2193	6	602
2194	6	1069
2194	6	2028
2194	6	1877
2194	6	612
2194	6	606
2198	6	576
2198	6	609
2198	6	604
2201	6	331
2201	6	260
2201	6	1179
2202	6	331
2202	6	2127
2212	6	1636
2212	6	1897
2225	6	1071
2226	6	1073
2251	6	1073
285	6	31
285	6	318
290	6	31
290	6	1304
290	6	1298
302	6	2179
303	6	2170
303	6	371
311	6	315
311	6	371
312	6	2179
322	6	997
322	6	999
322	6	1239
324	6	325
324	6	329
324	6	1611
325	6	1613
325	6	199
326	6	1613
326	6	1639
327	6	1645
329	6	1613
338	6	2151
340	6	2022
343	6	2179
343	6	318
353	6	998
353	6	999
353	6	602
353	6	1239
353	6	1925
359	6	121
359	6	165
359	6	163
370	6	358
371	6	397
375	6	378
375	6	385
396	6	1033
397	6	409
397	6	410
405	6	1031
405	6	409
425	6	1940
425	6	1955
426	6	1937
427	6	1929
427	6	1938
431	6	371
900	6	1050
912	6	397
949	6	2109
949	6	764
949	6	805
949	6	801
951	6	1187
951	6	1700
956	6	1700
957	6	2164
957	6	971
957	6	974
957	6	2114
957	6	1201
957	6	1700
958	6	969
958	6	970
958	6	972
958	6	244
969	6	303
969	6	311
969	6	422
971	6	2175
971	6	312
971	6	1216
972	6	2175
972	6	313
972	6	1216
974	6	2167
974	6	1151
974	6	1216
979	6	968
979	6	971
982	6	1049
982	6	2184
982	6	1667
988	6	2191
988	6	2192
991	6	1049
991	6	2184
1550	6	2182
1550	6	2183
1550	6	330
1550	6	510
1563	6	2047
1571	6	988
1574	6	1251
1574	6	1250
1575	6	1594
1575	6	126
1575	6	1285
1575	6	1281
1575	6	1830
1575	6	1827
1577	6	988
1577	6	1281
1577	6	1830
1586	6	2069
1586	6	2071
1586	6	118
1587	6	2071
1587	6	123
1587	6	118
1590	6	1641
1590	6	2058
1590	6	121
1591	6	1641
1591	6	2067
1591	6	2069
1601	6	2137
1601	6	2138
1602	6	2137
1602	6	2138
1618	6	1619
1619	6	1643
1619	6	1267
1619	6	1266
1619	6	2340
1619	6	2337
1620	6	1643
1620	6	1264
1620	6	1265
1621	6	1266
1621	6	2345
1624	6	1992
1624	6	1994
1624	6	1997
1632	6	1080
1632	6	1085
1632	6	1649
1633	6	1761
1636	6	2183
1636	6	327
1636	6	1874
1636	6	1190
1637	6	2182
1637	6	326
1637	6	330
1637	6	519
1637	6	1190
1646	6	1536
1648	6	1080
1648	6	1762
1652	6	1087
1652	6	1762
1658	6	1017
1658	6	2125
1658	6	332
1661	6	2194
1661	6	2207
1661	6	1887
1661	6	1881
1662	6	1013
1662	6	1049
1662	6	2184
1662	6	319
1662	6	1667
1665	6	1126
1666	6	1111
1666	6	1124
1666	6	1126
2058	6	2084
2058	6	1866
2065	6	2072
2065	6	2088
2065	6	1557
2065	6	1812
2066	6	2073
2066	6	2090
2067	6	2072
2067	6	2085
2075	6	811
2075	6	819
2100	6	1565
2100	6	1575
2100	6	2045
2100	6	246
2100	6	1250
2102	6	1565
2102	6	1568
2102	6	1571
2102	6	2045
2102	6	125
2104	6	1563
2104	6	246
2105	6	1563
2105	6	1577
2105	6	247
2105	6	1250
2108	6	1565
2108	6	125
2108	6	1251
2108	6	1250
2110	6	2209
2110	6	2099
2110	6	2101
2110	6	2104
2112	6	2097
2112	6	2102
2112	6	2103
2112	6	2104
2115	6	990
2127	6	1811
2127	6	1865
2135	6	806
2135	6	818
2135	6	821
2145	6	2406
137	6	687
139	6	2290
139	6	2292
139	6	2304
140	6	999
140	6	1036
140	6	2210
140	6	359
140	6	1550
140	6	2095
140	6	602
142	6	2263
142	6	2261
221	6	855
221	6	851
221	6	889
221	6	1280
244	6	2115
247	6	1276
247	6	1272
707	6	697
707	6	701
724	6	299
724	6	309
724	6	700
724	6	703
728	6	697
728	6	700
729	6	299
729	6	305
729	6	309
729	6	697
729	6	700
734	6	756
759	6	820
759	6	1440
779	6	874
779	6	1439
781	6	705
781	6	1441
782	6	870
782	6	872
782	6	875
782	6	1441
782	6	1439
782	6	1438
806	6	298
806	6	707
806	6	728
806	6	730
806	6	731
806	6	848
811	6	298
811	6	708
820	6	731
820	6	1957
849	6	603
868	6	981
870	6	976
870	6	1484
872	6	976
872	6	1488
874	6	880
874	6	1488
875	6	1488
879	6	842
886	6	1425
886	6	1460
886	6	2368
1364	6	2217
1364	6	1116
1391	6	1393
1394	6	2353
1416	6	1456
1416	6	1460
1416	6	2353
1424	6	2368
1424	6	2366
1426	6	2368
1426	6	2366
1427	6	2368
1427	6	2366
1511	6	1430
1521	6	1524
1521	6	1817
1521	6	1838
1569	6	1668
1570	6	1222
1809	6	1817
1809	6	1837
1809	6	1842
1815	6	1558
1815	6	1838
1815	6	1842
1836	6	1839
1863	6	1871
1866	6	1902
1866	6	1908
1867	6	1871
1867	6	1901
2015	6	2021
2024	6	100
2040	6	107
2041	6	98
98	6	888
79	6	1394
104	6	2055
104	6	95
104	6	89
104	6	107
103	6	2055
103	6	101
103	6	107
129	6	2145
121	6	152
121	6	150
118	6	1613
118	6	150
118	6	147
118	6	2269
118	6	2268
165	6	1642
165	6	2269
175	6	163
229	6	1664
229	6	241
229	6	239
229	6	271
229	6	709
229	6	746
237	6	257
271	6	257
261	6	1520
258	6	670
258	6	669
258	6	667
641	6	669
658	6	649
658	6	672
676	6	914
698	6	727
692	6	687
692	6	684
713	6	746
713	6	739
743	6	753
738	6	853
738	6	851
774	6	2096
773	6	2096
773	6	2111
773	6	2112
771	6	2112
814	6	2096
802	6	2112
844	6	2109
844	6	774
844	6	812
842	6	771
842	6	801
831	6	291
857	6	295
857	6	2388
857	6	2370
857	6	2409
853	6	2409
1314	6	1331
1356	6	487
1356	6	1130
1356	6	921
1356	6	918
1354	6	2336
1354	6	1130
1354	6	896
1354	6	921
1354	6	918
1352	6	1824
1352	6	2339
1352	6	2077
1351	6	1331
1351	6	1791
1351	6	488
1351	6	918
1342	6	136
1342	6	1331
1342	6	488
1342	6	896
1342	6	921
1342	6	2077
1403	6	1704
1455	6	1338
1455	6	1409
1451	6	1338
1451	6	1415
1483	6	2342
1479	6	1703
1473	6	2319
1473	6	2307
1467	6	411
1467	6	1434
1467	6	1431
1467	6	1487
1467	6	1483
1467	6	1479
1467	6	1474
1465	6	1398
1465	6	1437
1465	6	1436
1465	6	1483
1465	6	1479
1506	6	1451
1506	6	1444
1506	6	1432
1506	6	1431
1506	6	1479
1502	6	411
1502	6	1444
1499	6	411
1499	6	1444
1499	6	1434
1494	6	1827
1810	6	1861
1791	6	2033
1791	6	1831
1791	6	1861
1791	6	45
1791	6	954
1831	6	946
1831	6	944
1831	6	943
1831	6	960
1829	6	87
1829	6	945
1829	6	960
1824	6	2032
1861	6	2041
1861	6	2042
1861	6	2050
1873	6	310
1873	6	311
1873	6	1151
1873	6	1216
1923	6	749
1923	6	1468
1923	6	1465
1913	6	2299
1910	6	1921
1959	6	1921
1959	6	1919
1959	6	1916
1959	6	2299
1958	6	1707
1948	6	1973
1948	6	517
1948	6	1956
1948	6	1172
1947	6	1975
1947	6	1972
1946	6	1975
1946	6	517
1946	6	2283
1946	6	2282
1946	6	1956
1978	6	2282
1975	6	1915
2322	6	1617
2349	6	1810
2349	6	1791
2349	6	1834
2349	6	1824
2349	6	1130
2349	6	896
2353	6	1408
2353	6	1407
2382	6	65
2380	6	757
2373	6	1861
2373	6	954
2407	6	682
2407	6	2388
2392	6	1348
2392	6	1347
2392	6	1344
11	6	99
35	6	557
29	6	1424
29	6	557
97	6	1418
97	6	946
97	6	944
97	6	942
97	6	940
484	6	1312
484	6	1326
484	6	1319
508	6	1975
508	6	1972
505	6	1975
505	6	1956
518	6	2316
518	6	2311
517	6	2008
517	6	2316
531	6	1473
531	6	1921
531	6	498
537	6	545
537	6	1726
561	6	521
584	6	1975
584	6	1972
584	6	2283
584	6	1956
596	6	1069
596	6	2028
596	6	1877
596	6	614
596	6	609
602	6	1069
602	6	2214
602	6	1877
602	6	606
599	6	627
652	6	1432
652	6	116
652	6	1990
648	6	1409
1173	6	301
1173	6	304
1173	6	309
1173	6	703
1169	6	779
1169	6	787
1176	6	1424
1189	6	1148
1245	6	998
1245	6	1036
1245	6	1550
1245	6	1638
1245	6	2095
1245	6	2147
1245	6	1239
1245	6	1236
1243	6	1623
1243	6	473
1236	6	1623
1236	6	144
1236	6	1228
1236	6	1922
1230	6	1623
1230	6	2149
1230	6	1229
1230	6	2323
1263	6	145
1263	6	205
1263	6	1140
1272	6	1255
1271	6	253
1271	6	1255
1268	6	253
1306	6	31
1304	6	670
1676	6	2151
1682	6	333
1699	6	38
1704	6	1338
1706	6	411
1706	6	1398
1706	6	1436
1706	6	1487
1713	6	1729
1722	6	565
1722	6	1729
1720	6	565
1729	6	561
1724	6	565
1759	6	545
1759	6	1722
1759	6	1720
1759	6	1731
1751	6	1759
1782	6	1751
2236	6	2244
2278	6	1910
2278	6	1958
2278	6	1954
2278	6	1953
2291	6	1934
2313	6	1471
2313	6	1504
2313	6	2307
367	6	1572
363	6	1003
441	6	1572
459	6	1746
459	6	476
457	6	476
457	6	482
471	6	1746
471	6	482
470	6	1746
464	6	480
495	6	476
495	6	482
494	6	1780
494	6	1777
494	6	2187
494	6	2186
494	6	2197
793	6	846
867	6	852
867	6	885
921	6	131
915	6	1831
915	6	45
939	6	1418
939	6	42
939	6	96
939	6	940
1449	6	1482
1443	6	1488
1488	6	978
1488	6	863
1482	6	844
1478	6	842
1469	6	1818
1469	6	601
1519	6	1607
1519	6	1609
1519	6	1562
1519	6	261
1519	6	260
2001	6	2017
2020	6	2017
2037	6	95
2037	6	89
2059	6	1854
2078	6	1312
2078	6	1325
2078	6	1322
2078	6	1319
36	6	72
90	6	1464
90	6	1476
83	6	1464
83	6	1476
130	6	127
124	6	162
124	6	153
215	6	182
201	6	61
615	6	835
615	6	1818
634	6	633
623	6	560
726	6	1411
723	6	1409
719	6	512
715	6	512
715	6	663
712	6	663
1223	6	2360
1223	6	560
1248	6	916
1273	6	1900
1292	6	1318
1292	6	1357
1318	6	1346
1318	6	1343
1318	6	1388
1316	6	1340
1316	6	1388
1361	6	1349
1361	6	1346
1350	6	1413
1380	6	1375
1711	6	1718
1749	6	1603
1766	6	1616
1788	6	1601
1788	6	1602
1788	6	1604
1788	6	2136
1796	6	1251
1830	6	2184
1830	6	323
1830	6	1661
1830	6	1858
1827	6	2191
1827	6	2193
1827	6	1661
1823	6	2214
1823	6	614
1823	6	609
1823	6	606
1821	6	1638
1821	6	1860
1858	6	609
1853	6	2128
1853	6	1860
2259	6	1259
2277	6	2295
2277	6	2294
2277	6	2292
2277	6	2304
2305	6	673
2305	6	2285
2305	6	2298
2305	6	2295
2305	6	2292
2323	6	1968
2323	6	695
2372	6	2322
2371	6	2403
2400	6	2395
2400	6	461
2394	6	17
24	6	37
24	6	451
24	6	450
456	6	2394
456	6	461
468	6	477
468	6	475
463	6	479
522	6	1095
522	6	328
522	6	330
522	6	1634
522	6	1890
522	6	510
522	6	1190
532	6	1189
532	6	1196
535	6	299
535	6	301
535	6	308
535	6	700
535	6	701
535	6	704
553	6	1183
540	6	2410
578	6	1452
578	6	1456
578	6	1459
1065	6	664
1084	6	1249
1235	6	1226
38	9	34
53	9	34
57	9	34
994	9	34
998	9	995
999	9	995
1000	9	995
1014	9	1296
1029	9	2170
1032	9	997
1038	9	47
1038	9	1013
1052	9	1561
1081	9	1071
1081	9	1079
1093	9	1081
1094	9	1146
1094	9	333
1094	9	339
1107	9	38
1107	9	1011
1110	9	1011
1111	9	47
1111	9	1013
1124	9	47
1124	9	1013
1126	9	47
1126	9	1013
1146	9	1010
1147	9	1053
1147	9	1054
1153	9	1147
1156	9	1147
1158	9	1147
2123	9	1037
2155	9	2262
2155	9	283
2158	9	2155
2160	9	998
2168	9	903
2170	9	2168
2179	9	2177
2182	9	2128
2214	9	2195
2214	9	1856
2240	9	1006
288	9	2164
293	9	1005
294	9	2164
300	9	2164
307	9	2164
310	9	2164
313	9	2164
315	9	314
316	9	314
321	9	431
321	9	433
328	9	1550
332	9	1037
344	9	2106
354	9	345
360	9	353
360	9	357
385	9	377
410	9	396
410	9	406
433	9	1195
909	9	905
909	9	908
911	9	905
911	9	908
927	9	53
936	9	1133
937	9	1133
952	9	950
953	9	950
955	9	950
967	9	1496
970	9	967
975	9	967
978	9	976
978	9	977
983	9	986
983	9	987
989	9	990
1008	9	1043
1008	9	1044
1022	9	1023
1022	9	1024
1044	9	1047
1060	9	1063
1063	9	934
1063	9	1333
1568	9	1561
1607	9	1153
1609	9	1153
1613	9	327
1614	9	1606
1615	9	1606
1625	9	2271
1634	9	2128
1638	9	323
1640	9	369
1647	9	2128
1660	9	1054
1663	9	1531
1664	9	720
1667	9	991
2030	9	2028
2036	9	1553
2045	9	1561
2071	9	2057
2081	9	2065
2081	9	2074
2083	9	2074
2090	9	2086
2099	9	2098
2114	9	172
2138	9	1603
2138	9	1605
2147	9	140
2147	9	141
2149	9	2145
2149	9	2147
160	9	144
160	9	209
220	9	193
220	9	219
231	9	235
248	9	1495
252	9	1296
255	9	254
272	9	270
277	9	276
281	9	279
281	9	280
287	9	284
295	9	853
299	9	298
301	9	298
304	9	298
700	9	298
704	9	298
706	9	1477
732	9	845
732	9	847
733	9	705
733	9	706
733	9	732
758	9	790
817	9	779
817	9	792
818	9	779
818	9	792
819	9	792
821	9	779
821	9	792
837	9	841
880	9	789
880	9	849
883	9	2040
883	9	2053
888	9	882
888	9	883
899	9	1687
1390	9	2221
1395	9	882
1395	9	883
1414	9	882
1414	9	883
1419	9	882
1419	9	883
1452	9	1423
1461	9	1423
1462	9	1394
1463	9	92
1464	9	1394
1464	9	1463
1490	9	1492
1493	9	1507
1493	9	1509
1510	9	2368
1510	9	2387
1538	9	1535
1817	9	1816
1838	9	1816
1865	9	2065
1865	9	2074
1869	9	1868
1929	9	425
1929	9	1926
1957	9	821
1961	9	998
1966	9	1964
1966	9	1965
1968	9	1622
1969	9	1623
1998	9	1968
2006	9	1639
2007	9	1639
2012	9	1639
2014	9	1639
2055	9	2040
2055	9	2053
62	9	2040
62	9	2053
100	9	2040
100	9	2053
95	9	2040
95	9	2053
91	9	2040
91	9	2053
89	9	2040
89	9	2053
126	9	125
125	9	1561
163	9	2095
156	9	157
150	9	123
148	9	157
204	9	1642
204	9	1643
225	9	219
241	9	226
241	9	242
238	9	226
238	9	242
260	9	1153
718	9	219
716	9	219
742	9	711
741	9	720
786	9	219
780	9	193
780	9	219
777	9	193
777	9	219
764	9	978
762	9	978
762	9	863
812	9	978
812	9	863
808	9	978
808	9	863
805	9	978
805	9	863
797	9	881
797	9	798
871	9	291
871	9	824
850	9	824
856	9	860
889	9	860
1319	9	1331
1319	9	1115
1360	9	1338
1348	9	1317
1344	9	1338
1344	9	1317
1386	9	568
1381	9	1373
1409	9	411
1398	9	1403
1398	9	1401
1398	9	1485
1396	9	1403
1396	9	1401
1396	9	1485
1447	9	1403
1447	9	1401
1447	9	1485
1444	9	1403
1444	9	1401
1444	9	1485
1437	9	1403
1437	9	1401
1437	9	1485
1436	9	1403
1436	9	1401
1436	9	1485
1435	9	1403
1435	9	1401
1435	9	1485
1434	9	1403
1434	9	1401
1434	9	1485
1432	9	1403
1432	9	1401
1432	9	1485
1431	9	1403
1431	9	1401
1431	9	1485
1487	9	1403
1487	9	1401
1487	9	1485
1474	9	1403
1474	9	1485
1472	9	2320
1471	9	1472
1495	9	1879
1752	9	1756
1773	9	1835
1787	9	1789
1786	9	1789
1834	9	1814
1820	9	1841
1859	9	933
1930	9	2293
1919	9	1928
1916	9	1928
1944	9	1949
1991	9	1949
1988	9	1949
1985	9	1949
1982	9	1950
1982	9	1949
1979	9	1950
1979	9	1949
2010	9	529
2314	9	2013
2311	9	2013
2311	9	2010
2342	9	1479
2377	9	2379
2396	9	2203
45	9	1810
45	9	681
74	9	27
74	9	75
487	9	1352
487	9	1389
512	9	1914
521	9	511
521	9	509
548	9	552
598	9	600
597	9	600
618	9	2315
639	9	2330
1115	9	2049
1130	9	1341
1148	9	1200
1187	9	966
1187	9	979
1186	9	966
1186	9	979
1201	9	966
1201	9	979
1221	9	1148
1216	9	975
1212	9	1148
1207	9	1148
1225	9	1148
1239	9	140
1239	9	141
1233	9	140
1233	9	141
1264	9	144
1264	9	209
1262	9	1229
1250	9	2101
1674	9	2356
1674	9	2355
1683	9	1043
1683	9	1044
1678	9	1692
1691	9	1690
1691	9	1689
1694	9	1064
1694	9	1066
1693	9	1064
1693	9	1066
1707	9	1954
1719	9	546
1719	9	569
1733	9	546
1733	9	569
1732	9	546
1732	9	569
1731	9	546
1731	9	569
2178	9	1746
2178	9	1784
2178	9	1774
2188	9	1746
2188	9	1784
2188	9	1774
2186	9	1746
2186	9	1784
2186	9	1774
2186	9	2190
2185	9	1746
2185	9	1784
2185	9	1774
2174	9	1746
2174	9	1784
2174	9	1774
2197	9	1746
2197	9	1784
2197	9	1774
2235	9	2234
2235	9	2233
2299	9	499
2338	9	2334
384	9	383
384	9	382
490	9	449
490	9	448
896	9	1352
896	9	1389
919	9	1341
918	9	1341
938	9	947
943	9	1828
943	9	938
941	9	1828
941	9	938
940	9	1828
940	9	938
960	9	1828
960	9	938
1457	9	1454
1441	9	760
1441	9	788
1438	9	760
1438	9	788
1475	9	821
1522	9	971
1572	9	1527
1596	9	1595
1927	9	1931
1917	9	1912
1912	9	1911
1956	9	1977
1984	9	1990
1984	9	1986
2077	9	1351
13	9	8
13	9	6
60	9	54
59	9	206
59	9	200
61	9	579
92	9	81
92	9	78
122	9	128
120	9	128
119	9	128
182	9	149
592	9	582
616	9	109
616	9	1466
640	9	1428
640	9	1294
638	9	1257
710	9	661
1224	9	2126
1253	9	138
1267	9	1617
1267	9	138
1266	9	138
1265	9	1617
1265	9	138
1453	9	1402
1453	9	1400
1709	9	1445
1798	9	1561
1813	9	1106
1790	9	1098
1832	9	1108
1860	9	323
2268	9	121
2268	9	158
2284	9	1267
2294	9	2297
2292	9	2297
2301	9	139
2301	9	1137
2329	9	2328
2348	9	2328
2361	9	2331
2352	9	2329
2386	9	2351
2403	9	2408
2401	9	2372
2401	9	2408
2395	9	2405
2391	9	2405
14	9	2395
14	9	24
5	9	22
5	9	9
2	9	3
37	9	2394
37	9	41
37	9	445
440	9	2394
440	9	41
440	9	445
451	9	437
450	9	437
458	9	461
473	9	2145
501	9	489
501	9	486
510	9	496
551	9	790
1075	9	666
1074	9	666
1072	9	666
1128	9	1163
1125	9	1123
1154	9	1152
1184	9	2140
1184	9	1185
1241	9	1512
1543	9	1512
43	2	34
58	2	34
993	2	34
997	2	995
1016	2	983
1030	2	997
1033	2	1029
1035	2	997
1049	2	1053
1080	2	1071
1080	2	1079
1085	2	1071
1085	2	1079
1087	2	1071
1090	2	1081
1096	2	1095
1101	2	140
1101	2	141
1102	2	38
1102	2	1011
1103	2	38
1103	2	1011
1105	2	38
1118	2	1111
1122	2	47
1122	2	1013
1127	2	47
1127	2	1013
1143	2	1133
1143	2	1134
1150	2	1147
2121	2	982
2121	2	983
2124	2	1037
2125	2	1037
2125	2	2121
2128	2	322
2128	2	323
2132	2	1034
2132	2	1095
2134	2	2131
2134	2	2133
2144	2	1096
2150	2	1094
2157	2	2155
2164	2	967
2166	2	2164
2167	2	2164
2167	2	2165
2171	2	905
2173	2	1725
2175	2	2164
2191	2	1053
2191	2	1054
2192	2	1053
2193	2	1053
2198	2	1049
2198	2	1050
2207	2	2184
2207	2	2200
2211	2	2193
2211	2	2210
2211	2	1889
2218	2	1363
2237	2	2181
2239	2	2241
2239	2	2242
2241	2	2245
2241	2	2246
285	2	2164
286	2	2164
303	2	2164
306	2	2165
312	2	2164
317	2	314
318	2	286
318	2	314
325	2	1107
326	2	1550
327	2	1107
327	2	1550
343	2	233
353	2	345
371	2	2168
378	2	377
389	2	387
396	2	2170
397	2	2170
405	2	2170
407	2	406
411	2	1403
411	2	1401
411	2	1485
415	2	405
423	2	1032
426	2	340
426	2	424
426	2	932
427	2	424
431	2	901
431	2	903
900	2	433
901	2	965
901	2	1129
913	2	911
949	2	977
956	2	949
956	2	950
957	2	950
969	2	967
971	2	967
972	2	967
974	2	967
976	2	789
976	2	849
982	2	985
984	2	1082
1007	2	1064
1007	2	1066
1009	2	1021
1021	2	1028
1023	2	1026
1027	2	1042
1045	2	906
1045	2	907
1047	2	920
1059	2	1061
1062	2	931
1067	2	899
1550	2	323
1565	2	1561
1571	2	1561
1575	2	1561
1577	2	1561
1586	2	1545
1587	2	1545
1588	2	1545
1601	2	1554
1602	2	1018
1603	2	1018
1603	2	1554
1606	2	1603
1606	2	1605
1616	2	1606
1620	2	2159
1624	2	1622
1636	2	323
1637	2	322
1637	2	323
1639	2	328
1642	2	1641
1651	2	1650
1654	2	1653
1657	2	983
1662	2	984
1662	2	985
2031	2	2124
2031	2	2028
2047	2	125
2058	2	2057
2066	2	2057
2067	2	1585
2067	2	2057
2089	2	2086
2102	2	2096
2104	2	2098
2107	2	245
2109	2	978
2109	2	863
2115	2	2114
2117	2	2116
2118	2	2117
2145	2	1631
135	2	682
137	2	2149
137	2	135
139	2	138
140	2	321
142	2	141
171	2	169
171	2	170
183	2	173
183	2	180
189	2	186
212	2	208
235	2	220
247	2	2107
267	2	168
267	2	266
276	2	274
276	2	275
282	2	1385
296	2	291
305	2	298
697	2	298
702	2	298
703	2	298
724	2	706
734	2	705
734	2	706
734	2	732
736	2	705
736	2	706
736	2	732
759	2	757
759	2	758
779	2	757
779	2	758
781	2	757
781	2	758
790	2	1178
806	2	779
811	2	779
811	2	792
835	2	1862
868	2	966
868	2	979
870	2	760
870	2	788
872	2	760
872	2	788
874	2	760
874	2	788
875	2	760
875	2	788
879	2	789
879	2	849
882	2	1418
893	2	19
893	2	16
910	2	1688
1365	2	1366
1416	2	882
1425	2	888
1425	2	1424
1459	2	1423
1460	2	1394
1516	2	1518
1526	2	1525
1532	2	1524
1532	2	1525
1533	2	1525
1551	2	1521
1551	2	1557
1551	2	1560
1558	2	1557
1559	2	1521
1559	2	1557
1559	2	1560
1569	2	2126
1570	2	2126
1809	2	1562
1809	2	1807
1815	2	1562
1815	2	1807
1836	2	1816
1837	2	1808
1837	2	1816
1839	2	1837
1843	2	1812
1843	2	1840
1844	2	1812
1844	2	1840
1863	2	2065
1863	2	2074
1864	2	2074
1867	2	2065
1867	2	2074
1871	2	1870
1901	2	1898
1905	2	1863
1905	2	1904
1908	2	1904
1937	2	425
1937	2	1926
1941	2	426
1996	2	1968
2041	2	2032
101	2	2040
101	2	2053
98	2	2040
98	2	2053
93	2	2040
93	2	2053
131	2	1130
154	2	157
152	2	123
152	2	157
147	2	123
147	2	157
184	2	154
184	2	187
205	2	1642
205	2	1643
229	2	232
226	2	288
226	2	343
237	2	251
239	2	226
239	2	242
271	2	226
271	2	242
257	2	249
262	2	256
261	2	1153
258	2	645
653	2	657
651	2	657
658	2	646
658	2	645
676	2	341
664	2	682
693	2	2149
693	2	135
688	2	693
688	2	689
684	2	693
684	2	689
720	2	721
739	2	720
738	2	193
738	2	219
774	2	978
774	2	863
773	2	863
771	2	863
814	2	978
801	2	978
801	2	863
795	2	798
833	2	839
826	2	291
826	2	295
822	2	291
1280	2	778
1311	2	1289
1331	2	1389
1323	2	1330
1338	2	2162
1356	2	1338
1356	2	1317
1354	2	1317
1352	2	1338
1351	2	1338
1351	2	1317
1342	2	1317
1341	2	1338
1383	2	575
1378	2	642
1377	2	2384
1377	2	2382
1455	2	1403
1455	2	1401
1455	2	1485
1451	2	1403
1451	2	1401
1451	2	1485
1442	2	1403
1442	2	1401
1442	2	1485
1483	2	1485
1467	2	1472
1506	2	1472
1499	2	1472
1498	2	1701
1494	2	1495
1760	2	1752
1757	2	1773
1781	2	1764
1781	2	1773
1776	2	1792
1776	2	1790
1769	2	1781
1769	2	1770
1799	2	1801
1810	2	1814
1831	2	1810
1831	2	681
1828	2	1810
1828	2	681
1824	2	1825
1857	2	1849
1849	2	348
1900	2	1291
1877	2	1895
1915	2	1972
1915	2	2327
1959	2	1915
1959	2	1914
1950	2	526
1950	2	539
1948	2	1949
1947	2	1950
1947	2	1949
1978	2	1950
1978	2	1949
2008	2	2010
2312	2	2013
2312	2	2010
2324	2	2326
2322	2	1628
2322	2	1629
2339	2	1314
2356	2	2126
2399	2	2232
4	2	15
35	2	2219
29	2	39
28	2	42
28	2	39
73	2	27
73	2	75
63	2	29
99	2	7
99	2	102
94	2	45
94	2	97
87	2	45
87	2	97
116	2	80
115	2	1467
498	2	1958
508	2	511
508	2	509
518	2	520
555	2	558
590	2	574
587	2	539
576	2	2199
576	2	596
612	2	1856
609	2	1856
606	2	1856
602	2	1049
602	2	1050
599	2	1053
599	2	600
629	2	598
624	2	626
1140	2	160
1173	2	1183
1173	2	1182
1183	2	1169
1183	2	1168
1180	2	1174
1189	2	966
1199	2	1148
1192	2	1195
1203	2	1193
1203	2	1205
1203	2	1204
1227	2	1148
1245	2	320
1243	2	140
1243	2	141
1261	2	1229
1261	2	1228
1255	2	250
1254	2	250
1254	2	222
1285	2	125
1301	2	341
1669	2	2356
1669	2	2355
1668	2	2356
1668	2	2355
1673	2	2054
1679	2	1677
1685	2	1684
1688	2	1687
1696	2	1697
1708	2	2306
1722	2	546
1722	2	569
1763	2	1745
1763	2	1737
1746	2	449
1746	2	448
1782	2	1784
1772	2	1746
1772	2	1784
1772	2	1774
2189	2	1746
2189	2	1784
2189	2	1774
2228	2	2236
2228	2	2235
2234	2	1951
2282	2	1985
2278	2	1972
2291	2	1972
2291	2	2327
2319	2	2143
2319	2	1923
2319	2	618
2309	2	619
349	2	737
335	2	356
335	2	368
365	2	364
381	2	394
381	2	392
404	2	392
421	2	412
434	2	435
443	2	366
443	2	446
441	2	446
471	2	460
476	2	470
491	2	494
507	2	504
524	2	740
776	2	775
769	2	765
816	2	810
810	2	807
796	2	803
794	2	513
793	2	513
840	2	838
829	2	846
869	2	514
867	2	869
854	2	852
876	2	878
921	2	1341
945	2	1828
945	2	938
944	2	938
1406	2	203
1399	2	1406
1399	2	211
1443	2	760
1443	2	788
1488	2	789
1488	2	849
1482	2	789
1482	2	849
1470	2	1564
1470	2	1469
1566	2	1572
1566	2	1567
1555	2	1592
1583	2	402
1582	2	1581
1582	2	1580
1600	2	1599
1891	2	1888
1888	2	1886
1884	2	1882
1909	2	1907
1963	2	1960
1960	2	1920
1945	2	1952
1945	2	1951
1974	2	1976
2009	2	2011
2023	2	2020
2064	2	1855
2062	2	1850
46	2	54
44	2	54
40	2	54
72	2	76
117	2	81
117	2	78
108	2	110
127	2	134
124	2	128
153	2	127
146	2	149
188	2	153
188	2	151
198	2	1430
595	2	579
635	2	636
671	2	139
671	2	1137
723	2	349
722	2	726
722	2	783
717	2	661
714	2	661
712	2	661
1244	2	1234
1231	2	1249
1249	2	1083
1248	2	1247
1260	2	642
1258	2	660
1278	2	691
1273	2	916
1269	2	1273
1316	2	1321
1358	2	1320
1343	2	1345
1382	2	1358
1382	2	1387
1380	2	1358
1410	2	1413
1397	2	1402
1397	2	1400
1718	2	1723
1796	2	245
1819	2	1826
1856	2	1826
1848	2	2212
1896	2	1851
2270	2	121
2285	2	2286
2298	2	1267
2295	2	2297
2304	2	1265
2304	2	2305
2303	2	1265
2303	2	2305
2350	2	2328
2364	2	2331
2362	2	2331
2357	2	2331
2374	2	2325
2372	2	1631
2371	2	1630
2371	2	1631
2400	2	2408
2394	2	2405
1	2	3
438	2	445
436	2	437
463	2	2400
474	2	466
503	2	489
503	2	486
519	2	1636
519	2	506
543	2	64
557	2	1372
557	2	33
540	2	2229
572	2	2229
562	2	559
1139	2	1166
1135	2	1136
1152	2	1149
1175	2	1177
1211	2	1208
1237	2	1242
1237	2	1241
1539	2	1512
1529	2	1211
38	11	43
38	11	47
38	11	51
38	11	53
38	11	57
38	11	58
38	11	993
38	11	994
47	11	51
47	11	993
53	11	38
53	11	43
53	11	47
53	11	51
53	11	57
53	11	58
53	11	993
53	11	994
57	11	38
57	11	43
57	11	47
57	11	51
57	11	53
57	11	58
57	11	993
57	11	994
994	11	38
994	11	43
994	11	47
994	11	51
994	11	53
994	11	57
994	11	58
994	11	993
998	11	996
998	11	997
998	11	1000
999	11	996
999	11	997
999	11	998
999	11	1000
1000	11	996
1000	11	997
1000	11	998
1014	11	252
1015	11	2163
1018	11	1017
1018	11	1019
1029	11	397
1032	11	1030
1032	11	1034
1038	11	1122
1038	11	1126
1052	11	1563
1052	11	1575
1052	11	2045
1054	11	1662
1055	11	1056
1055	11	1058
1056	11	1055
1056	11	1058
1058	11	1055
1058	11	1056
1070	11	2225
1070	11	2226
1070	11	2238
1073	11	1071
1078	11	1077
1081	11	1080
1081	11	1085
1093	11	1090
1094	11	336
1094	11	338
1094	11	1676
1107	11	1102
1107	11	1104
1107	11	1109
1109	11	1104
1111	11	1038
1111	11	1122
1111	11	1126
1111	11	1127
1124	11	1038
1124	11	1122
1124	11	1126
1147	11	1049
1147	11	2191
1147	11	1660
1147	11	1661
1153	11	1155
1153	11	1158
1156	11	1150
1156	11	1153
1156	11	1155
1156	11	1158
1158	11	1153
1158	11	1155
2123	11	2124
2123	11	332
2140	11	2134
2156	11	2157
2158	11	2157
2169	11	371
2170	11	371
2172	11	290
2172	11	1198
2172	11	1197
2172	11	1194
2182	11	1634
2199	11	2195
2210	11	324
2214	11	612
2214	11	609
2223	11	2225
2223	11	2226
2224	11	2225
2231	11	2225
2231	11	2230
288	11	2167
288	11	285
288	11	286
288	11	294
288	11	300
288	11	303
288	11	306
288	11	307
288	11	310
288	11	311
288	11	313
294	11	2167
294	11	285
294	11	286
294	11	288
294	11	300
294	11	303
294	11	306
294	11	307
294	11	310
294	11	311
294	11	313
300	11	2167
300	11	285
300	11	286
300	11	288
300	11	294
300	11	303
300	11	306
300	11	307
300	11	310
300	11	311
300	11	313
307	11	2167
307	11	285
307	11	286
307	11	288
307	11	294
307	11	300
307	11	303
307	11	306
307	11	310
307	11	311
307	11	313
310	11	2167
310	11	285
310	11	286
310	11	288
310	11	294
310	11	300
310	11	303
310	11	306
310	11	307
310	11	311
310	11	313
313	11	2167
313	11	285
313	11	286
313	11	288
313	11	294
313	11	300
313	11	303
313	11	306
313	11	307
313	11	310
313	11	311
315	11	316
315	11	317
319	11	1657
332	11	2124
337	11	336
337	11	338
355	11	353
358	11	359
358	11	362
358	11	2095
360	11	2095
361	11	358
361	11	359
361	11	362
361	11	2095
385	11	378
385	11	379
393	11	389
409	11	408
410	11	408
410	11	409
416	11	415
909	11	2171
909	11	911
911	11	2171
911	11	909
927	11	924
927	11	929
937	11	936
952	11	951
952	11	955
952	11	956
952	11	958
952	11	966
953	11	951
953	11	952
953	11	955
953	11	956
953	11	958
953	11	966
955	11	951
955	11	958
968	11	2164
968	11	971
968	11	972
968	11	973
970	11	2164
970	11	968
970	11	971
970	11	972
970	11	973
970	11	974
970	11	975
973	11	2164
973	11	971
975	11	2164
975	11	968
975	11	971
975	11	972
975	11	973
975	11	974
978	11	949
990	11	905
990	11	2141
1008	11	1683
1568	11	1052
1568	11	1563
1568	11	1575
1568	11	2045
1568	11	125
1593	11	1587
1593	11	1588
1604	11	1601
1604	11	1779
1607	11	1609
1607	11	1610
1607	11	261
1607	11	260
1607	11	259
1609	11	1607
1609	11	1610
1609	11	261
1609	11	260
1609	11	259
1614	11	1615
1614	11	1616
1615	11	1614
1615	11	1616
1634	11	2182
1638	11	2210
1638	11	324
1638	11	1550
1638	11	1860
1647	11	2182
1647	11	2183
1647	11	1634
1660	11	1049
1660	11	2191
1664	11	709
1664	11	747
2025	11	2026
2026	11	2025
2028	11	1877
2045	11	1563
2045	11	1575
2069	11	2058
2069	11	2067
2071	11	2058
2071	11	2067
2071	11	2069
2073	11	2072
2081	11	2083
2081	11	1863
2081	11	1865
2081	11	1867
2083	11	1863
2099	11	2209
2099	11	2100
2099	11	2101
2099	11	2103
2099	11	2104
2099	11	2105
2101	11	2100
2101	11	2103
2101	11	2104
2101	11	2105
2103	11	2104
2111	11	2110
2137	11	1606
2138	11	2139
2147	11	1101
2147	11	142
2147	11	1236
2147	11	1925
160	11	1264
220	11	738
220	11	786
220	11	780
220	11	778
220	11	777
248	11	1494
298	11	724
298	11	730
298	11	731
299	11	301
299	11	304
299	11	305
299	11	308
299	11	700
299	11	701
299	11	702
301	11	308
301	11	701
301	11	702
304	11	301
304	11	305
304	11	308
304	11	701
304	11	702
309	11	305
700	11	299
700	11	301
700	11	304
700	11	305
700	11	308
700	11	701
700	11	702
701	11	702
704	11	299
704	11	301
704	11	304
704	11	305
704	11	308
704	11	309
704	11	700
704	11	701
704	11	702
708	11	724
708	11	731
731	11	724
733	11	708
733	11	724
733	11	728
733	11	729
733	11	731
760	11	759
760	11	782
760	11	787
761	11	759
761	11	782
761	11	785
761	11	787
785	11	759
785	11	782
785	11	787
787	11	759
787	11	782
789	11	874
789	11	875
789	11	1443
789	11	1440
792	11	2075
817	11	705
817	11	811
817	11	815
817	11	820
818	11	705
818	11	811
818	11	815
818	11	817
818	11	820
818	11	821
819	11	705
819	11	811
819	11	815
819	11	820
821	11	705
821	11	811
821	11	815
821	11	817
821	11	820
880	11	879
880	11	1484
883	11	62
883	11	98
883	11	91
888	11	886
888	11	1394
888	11	1395
888	11	1414
888	11	1416
888	11	1419
1390	11	2217
1393	11	1170
1395	11	886
1395	11	1394
1395	11	1414
1395	11	1416
1414	11	886
1414	11	1394
1414	11	1395
1414	11	1416
1419	11	886
1419	11	1394
1419	11	1395
1419	11	1414
1419	11	1416
1452	11	1461
1461	11	1452
1462	11	1460
1464	11	1476
1510	11	1408
1557	11	1811
1812	11	1815
1865	11	2081
1865	11	2083
1865	11	1863
1865	11	1867
1902	11	1901
1929	11	1935
1929	11	1937
1929	11	1938
1955	11	1943
1957	11	1475
1961	11	2160
1969	11	1624
1983	11	1992
1983	11	1994
1997	11	1996
1998	11	1996
2006	11	2007
2006	11	2012
2006	11	2014
2014	11	2012
2043	11	2040
2043	11	2042
2046	11	2048
2046	11	2050
2048	11	2050
2050	11	2048
2055	11	883
2055	11	62
2055	11	98
2055	11	95
2055	11	91
62	11	883
62	11	98
62	11	91
100	11	883
100	11	62
100	11	98
100	11	91
95	11	883
95	11	62
95	11	98
95	11	91
91	11	883
91	11	62
91	11	98
89	11	883
89	11	62
89	11	98
89	11	91
126	11	2047
125	11	1052
125	11	1563
125	11	1575
125	11	2045
163	11	123
163	11	165
156	11	148
156	11	147
150	11	147
209	11	1617
204	11	205
202	11	145
228	11	227
225	11	720
225	11	718
225	11	713
249	11	237
249	11	243
241	11	240
241	11	239
241	11	238
238	11	240
238	11	239
263	11	262
260	11	1607
260	11	1609
260	11	1610
260	11	261
260	11	259
637	11	641
670	11	649
725	11	727
718	11	713
716	11	720
716	11	718
716	11	713
742	11	709
742	11	739
741	11	1664
741	11	709
741	11	747
777	11	738
777	11	780
777	11	778
767	11	774
767	11	773
767	11	814
764	11	774
764	11	773
764	11	767
764	11	814
764	11	802
764	11	801
762	11	774
762	11	773
762	11	767
762	11	764
762	11	814
762	11	802
762	11	801
812	11	2109
812	11	774
812	11	773
812	11	767
812	11	764
812	11	814
812	11	802
812	11	801
808	11	774
808	11	773
808	11	767
808	11	764
808	11	762
808	11	814
808	11	802
808	11	801
805	11	774
805	11	773
805	11	767
805	11	764
805	11	762
805	11	814
805	11	802
805	11	801
828	11	830
828	11	826
871	11	822
871	11	862
871	11	861
850	11	873
850	11	861
856	11	855
856	11	853
855	11	853
851	11	853
889	11	856
889	11	855
889	11	853
889	11	851
1277	11	265
1291	11	2332
1319	11	1323
1319	11	1322
1360	11	1359
1360	11	1356
1360	11	1352
1359	11	1356
1359	11	1352
1348	11	1359
1348	11	1356
1348	11	1354
1348	11	1352
1348	11	1351
1348	11	1347
1348	11	1342
1347	11	1359
1347	11	1356
1347	11	1352
1347	11	1351
1344	11	1359
1344	11	1356
1344	11	1352
1344	11	1351
1344	11	1347
1344	11	1342
1411	11	1415
1398	11	411
1398	11	1396
1398	11	1451
1398	11	1447
1398	11	1444
1398	11	1442
1398	11	1437
1398	11	1436
1398	11	1435
1398	11	1434
1398	11	1432
1398	11	1431
1398	11	1487
1396	11	411
1396	11	1398
1396	11	1451
1396	11	1447
1396	11	1444
1396	11	1442
1396	11	1437
1396	11	1436
1396	11	1435
1396	11	1434
1396	11	1432
1396	11	1431
1396	11	1487
1447	11	411
1447	11	1398
1447	11	1396
1447	11	1451
1447	11	1444
1447	11	1442
1447	11	1437
1447	11	1436
1447	11	1435
1447	11	1434
1447	11	1432
1447	11	1431
1447	11	1487
1444	11	411
1444	11	1398
1444	11	1396
1444	11	1451
1444	11	1447
1444	11	1442
1444	11	1437
1444	11	1436
1444	11	1435
1444	11	1434
1444	11	1432
1444	11	1431
1444	11	1487
1437	11	411
1437	11	1398
1437	11	1396
1437	11	1451
1437	11	1447
1437	11	1444
1437	11	1442
1437	11	1436
1437	11	1435
1437	11	1434
1437	11	1432
1437	11	1431
1437	11	1487
1436	11	411
1436	11	1398
1436	11	1396
1436	11	1451
1436	11	1447
1436	11	1444
1436	11	1442
1436	11	1437
1436	11	1435
1436	11	1434
1436	11	1432
1436	11	1431
1436	11	1487
1435	11	411
1435	11	1398
1435	11	1396
1435	11	1451
1435	11	1447
1435	11	1444
1435	11	1442
1435	11	1437
1435	11	1436
1435	11	1434
1435	11	1432
1435	11	1431
1435	11	1487
1434	11	411
1434	11	1398
1434	11	1396
1434	11	1451
1434	11	1447
1434	11	1444
1434	11	1442
1434	11	1437
1434	11	1436
1434	11	1435
1434	11	1432
1434	11	1431
1434	11	1487
1432	11	411
1432	11	1398
1432	11	1396
1432	11	1451
1432	11	1447
1432	11	1444
1432	11	1442
1432	11	1437
1432	11	1436
1432	11	1435
1432	11	1434
1432	11	1431
1432	11	1487
1431	11	411
1431	11	1398
1431	11	1396
1431	11	1451
1431	11	1447
1431	11	1444
1431	11	1442
1431	11	1437
1431	11	1436
1431	11	1435
1431	11	1434
1431	11	1432
1431	11	1487
1487	11	411
1487	11	1398
1487	11	1396
1487	11	1451
1487	11	1447
1487	11	1444
1487	11	1442
1487	11	1437
1487	11	1436
1487	11	1435
1487	11	1434
1487	11	1432
1487	11	1431
1504	11	1499
1786	11	1787
1834	11	1810
1834	11	1791
1834	11	2373
1885	11	1887
1875	11	2207
1919	11	1473
1916	11	1473
1916	11	1919
1962	11	1959
1954	11	1959
1953	11	1910
1953	11	1958
1944	11	1991
1944	11	1978
1991	11	1944
1991	11	1978
1988	11	1947
1988	11	1944
1988	11	1991
1988	11	1978
1985	11	1944
1985	11	1991
1985	11	1978
1982	11	1944
1982	11	1991
1982	11	1978
1979	11	1948
1979	11	1947
1979	11	1946
1979	11	1944
1979	11	1991
1979	11	1978
1972	11	1973
2311	11	2316
2311	11	2314
2365	11	642
2370	11	2409
45	11	1829
45	11	1828
45	11	954
33	11	35
487	11	488
512	11	1934
512	11	1962
512	11	1959
509	11	561
521	11	505
521	11	523
548	11	537
597	11	598
627	11	629
1187	11	868
1187	11	1189
1187	11	1201
1186	11	868
1186	11	1189
1186	11	1201
1201	11	868
1201	11	1189
1221	11	1199
1221	11	1212
1221	11	1209
1221	11	1207
1221	11	1227
1221	11	1225
1221	11	1206
1212	11	1199
1212	11	1209
1212	11	1207
1212	11	1227
1209	11	1227
1207	11	1199
1207	11	1212
1207	11	1209
1207	11	1227
1225	11	1199
1225	11	1212
1225	11	1209
1225	11	1207
1225	11	1227
1225	11	1206
1206	11	1199
1239	11	1101
1239	11	142
1239	11	1243
1239	11	1236
1239	11	1925
1233	11	1101
1233	11	2147
1233	11	142
1233	11	1236
1233	11	1925
1229	11	2259
1264	11	160
1281	11	2047
1270	11	250
1298	11	1301
1674	11	1669
1674	11	1675
1683	11	1008
1686	11	1677
1694	11	1007
1693	11	1007
1693	11	1694
1719	11	1712
1719	11	1710
1719	11	1722
1719	11	1720
1719	11	1732
1719	11	1731
1733	11	1712
1733	11	1710
1733	11	1722
1733	11	1720
1733	11	1732
1732	11	1712
1732	11	1710
1732	11	1722
1732	11	1720
1731	11	1712
1731	11	1710
1731	11	1722
1731	11	1720
1731	11	1719
1731	11	1732
1777	11	1780
2188	11	2178
2188	11	2185
2188	11	2197
2186	11	2178
2186	11	2189
2186	11	2188
2186	11	2187
2186	11	2185
2186	11	2174
2186	11	2197
2185	11	2178
2185	11	2188
2185	11	2197
2174	11	2178
2174	11	2189
2174	11	2188
2174	11	2185
2174	11	2197
2197	11	2178
2197	11	2188
2197	11	2185
2215	11	7
2272	11	2260
490	11	485
482	11	494
482	11	485
825	11	834
877	11	878
896	11	488
919	11	1130
919	11	918
918	11	1130
954	11	1829
943	11	946
943	11	945
943	11	944
943	11	941
943	11	940
943	11	960
941	11	946
941	11	945
941	11	944
941	11	943
941	11	940
941	11	960
940	11	946
940	11	945
940	11	944
940	11	943
940	11	941
940	11	960
960	11	946
960	11	945
960	11	944
960	11	943
960	11	941
960	11	940
1441	11	789
1441	11	874
1441	11	875
1441	11	1443
1441	11	1440
1441	11	1439
1440	11	875
1440	11	1443
1439	11	789
1439	11	874
1439	11	875
1439	11	1443
1439	11	1440
1438	11	789
1438	11	874
1438	11	875
1438	11	1443
1438	11	1441
1438	11	1440
1438	11	1439
1522	11	422
1513	11	1515
1927	11	1933
1956	11	1975
1956	11	1172
2018	11	2020
2061	11	1857
2077	11	1824
32	11	1511
32	11	40
30	11	36
60	11	44
92	11	1491
92	11	117
122	11	127
122	11	124
122	11	120
122	11	119
120	11	127
119	11	127
119	11	120
182	11	146
182	11	188
182	11	185
182	11	181
181	11	146
234	11	2375
582	11	201
593	11	595
593	11	594
592	11	594
638	11	2205
673	11	671
710	11	712
1224	11	1569
1253	11	1266
1267	11	1253
1267	11	1266
1266	11	1253
1265	11	1253
1265	11	1267
1265	11	1266
1327	11	1329
1315	11	1318
1453	11	1397
1709	11	1711
1761	11	1762
1753	11	1554
1753	11	1750
1750	11	1554
1779	11	1601
1798	11	1052
1798	11	1563
1798	11	1565
1798	11	1575
1798	11	2045
1798	11	125
1860	11	2210
1860	11	324
1860	11	1550
1860	11	1638
1925	11	1101
1925	11	1236
1922	11	2259
2268	11	2269
2279	11	2280
2290	11	2289
2284	11	2285
2284	11	2298
2294	11	2295
2294	11	2292
2301	11	671
2329	11	2331
2329	11	2348
2348	11	2331
2361	11	2362
2361	11	2359
2352	11	2354
2352	11	2369
2369	11	2354
2376	11	2374
2403	11	2405
2403	11	2400
2401	11	2405
2401	11	2403
2401	11	2400
2395	11	2394
2395	11	2391
20	11	22
20	11	17
20	11	12
17	11	22
17	11	20
17	11	12
14	11	22
14	11	12
12	11	22
48	11	49
444	11	438
440	11	444
440	11	438
451	11	436
450	11	436
450	11	451
473	11	1623
483	11	503
501	11	483
501	11	503
500	11	483
500	11	503
538	11	525
551	11	758
551	11	1169
551	11	550
570	11	556
570	11	572
570	11	571
1075	11	1074
1075	11	1072
1074	11	1072
1072	11	1074
1092	11	2075
1114	11	1116
1170	11	1393
1167	11	1392
1179	11	1095
1179	11	330
1179	11	1190
1190	11	1095
1190	11	330
1198	11	290
1197	11	290
1197	11	1198
1194	11	290
1194	11	1198
1194	11	1197
1241	11	1539
47	3	1013
53	3	2152
994	3	1016
998	3	2130
1000	3	1101
1050	3	1049
1071	3	1079
1073	3	1076
1094	3	1080
1095	3	1034
1099	3	1144
1099	3	1145
1155	3	1122
1155	3	2201
1158	3	1519
2131	3	2133
2140	3	1185
2153	3	2154
2158	3	2161
2170	3	2171
2172	3	2167
2176	3	2175
2182	3	1648
2199	3	596
2200	3	2184
2208	3	2207
2217	3	1085
2224	3	2251
2242	3	2241
2246	3	2245
2246	3	2250
2252	3	2225
2254	3	2230
2255	3	2237
2256	3	2238
2258	3	1297
288	3	343
293	3	292
300	3	302
314	3	286
339	3	333
344	3	303
354	3	370
357	3	353
358	3	175
433	3	431
911	3	912
932	3	340
935	3	423
966	3	979
968	3	1873
983	3	982
985	3	984
987	3	986
1005	3	1004
1028	3	1027
1040	3	1039
1042	3	1041
1044	3	1043
1046	3	1045
1063	3	1062
1066	3	1064
1068	3	1067
1545	3	1012
1552	3	2163
1553	3	1017
1578	3	1012
1578	3	800
1605	3	1603
1607	3	1612
1634	3	1632
1635	3	1633
1643	3	1642
1645	3	1646
1647	3	1652
1656	3	1655
1659	3	1657
2025	3	2034
2036	3	1530
2036	3	1528
2044	3	2209
2052	3	1577
2056	3	342
2057	3	1585
2074	3	2065
2079	3	2080
2093	3	1587
2094	3	1591
2103	3	2108
2116	3	2115
2120	3	2119
2129	3	2127
2138	3	1766
2143	3	1923
2149	3	135
138	3	1617
141	3	140
167	3	164
169	3	170
186	3	183
191	3	189
194	3	195
208	3	210
220	3	221
231	3	236
272	3	273
274	3	275
280	3	279
287	3	289
706	3	705
732	3	705
758	3	757
760	3	788
789	3	849
847	3	845
866	3	972
888	3	1424
888	3	1426
888	3	1427
892	3	891
904	3	902
906	3	907
922	3	923
928	3	925
1333	3	934
1336	3	1335
1337	3	1218
1368	3	1367
1390	3	1391
1493	3	1503
1510	3	1511
1518	3	1517
1525	3	1524
1535	3	1520
1557	3	1521
1560	3	1521
1564	3	1469
1573	3	1806
1812	3	1840
1862	3	2075
1898	3	1864
1926	3	425
1957	3	1470
1965	3	1964
2007	3	2015
2027	3	2024
2027	3	111
2043	3	104
2046	3	2037
2048	3	103
2053	3	2040
95	3	79
109	3	1466
161	3	165
156	3	190
187	3	154
178	3	152
225	3	229
249	3	240
242	3	226
657	3	258
645	3	646
637	3	676
670	3	1065
682	3	667
662	3	698
695	3	692
689	3	693
687	3	683
755	3	709
798	3	881
839	3	743
1283	3	2407
1296	3	1002
1291	3	1846
1322	3	674
1344	3	2349
1389	3	1352
1381	3	1378
1381	3	1376
1373	3	1425
1418	3	1420
1418	3	1847
1409	3	2392
1444	3	648
1485	3	1403
1468	3	652
1495	3	1497
1748	3	1757
1773	3	1764
1770	3	1781
1834	3	915
1855	3	2070
1852	3	1354
1889	3	2193
1930	3	1934
1921	3	2313
1914	3	1915
1954	3	531
1979	3	584
1977	3	1978
1972	3	2327
1970	3	1978
1970	3	1120
2311	3	530
2333	3	2336
2346	3	1354
2358	3	2360
2355	3	2356
2368	3	2387
2379	3	2380
2404	3	21
2402	3	1854
2396	3	2399
23	3	2248
15	3	18
45	3	97
39	3	42
33	3	1372
27	3	26
27	3	75
66	3	67
102	3	7
86	3	73
113	3	115
492	3	112
488	3	484
487	3	2078
502	3	350
499	3	2296
512	3	1910
539	3	526
542	3	545
554	3	555
569	3	546
563	3	565
597	3	620
618	3	1923
639	3	1483
639	3	351
680	3	1325
677	3	1323
1115	3	1331
1130	3	1113
1148	3	1151
1160	3	1162
1171	3	1173
1182	3	1183
1178	3	1180
1191	3	1176
1205	3	1193
1204	3	1193
1219	3	1203
1233	3	1230
1264	3	1263
1256	3	1259
1270	3	1268
1310	3	747
1670	3	1671
1681	3	1682
1689	3	1690
1697	3	1067
1695	3	1696
1702	3	1703
1733	3	1724
1731	3	1741
1735	3	380
1738	3	1739
1737	3	1745
1747	3	1755
1784	3	1746
1774	3	1746
2187	3	2196
2197	3	2206
2215	3	2213
2215	3	2220
2219	3	549
2235	3	2236
2244	3	2249
2276	3	2264
2281	3	2282
2338	3	655
334	3	335
368	3	367
392	3	394
392	3	390
430	3	432
446	3	366
448	3	449
472	3	462
472	3	457
467	3	469
480	3	495
823	3	829
884	3	890
896	3	895
954	3	939
943	3	959
942	3	964
940	3	963
960	3	962
1433	3	875
1508	3	1516
1505	3	1516
1548	3	2031
1572	3	1567
1596	3	1608
1927	3	1924
1917	3	1918
1951	3	1952
1993	3	2313
1990	3	1986
1976	3	1980
2061	3	2059
2060	3	2082
2060	3	2076
16	3	19
60	3	77
76	3	44
71	3	40
61	3	36
61	3	610
88	3	83
78	3	81
114	3	117
105	3	108
166	3	130
159	3	162
151	3	153
182	3	174
177	3	146
211	3	1406
200	3	206
588	3	196
586	3	196
581	3	201
592	3	605
613	3	595
616	3	615
625	3	628
654	3	650
675	3	678
694	3	696
685	3	690
752	3	663
783	3	726
772	3	1704
770	3	1704
763	3	768
1240	3	1576
1234	3	1238
1253	3	2277
1265	3	2305
1282	3	1284
1302	3	1307
1294	3	1428
1313	3	2038
1293	3	1576
1324	3	1576
1321	3	1329
1355	3	1318
1345	3	1361
1422	3	1371
1417	3	1353
1413	3	1412
1405	3	1350
1400	3	1402
1728	3	1730
1736	3	1260
1742	3	813
1740	3	1662
1744	3	1665
1753	3	1749
1750	3	1788
1785	3	1601
1771	3	2136
1768	3	2136
1803	3	1805
1800	3	1574
1795	3	1272
1813	3	1794
1860	3	522
1851	3	1821
1876	3	1878
1932	3	1936
2275	3	2259
2274	3	1261
2267	3	2270
2318	3	1619
2317	3	1620
2310	3	1621
2308	3	1621
2325	3	2321
2343	3	2345
2340	3	2335
2367	3	2350
2385	3	2350
2381	3	2350
2408	3	2372
2403	3	456
2395	3	24
17	3	56
41	3	2394
445	3	2394
444	3	442
489	3	486
506	3	1636
533	3	532
536	3	535
547	3	35
568	3	1383
566	3	1383
564	3	1383
575	3	562
591	3	630
585	3	1446
1088	3	835
1086	3	1084
1100	3	2218
1128	3	1131
1141	3	1142
1159	3	1161
1188	3	1202
1241	3	1242
1002	8	1296
1012	8	1545
1012	8	1578
1013	8	47
1016	8	994
1017	8	1553
1034	8	1095
1049	8	1050
1076	8	1073
1079	8	1071
1080	8	1094
1085	8	2217
1101	8	1000
1122	8	1155
1144	8	1099
1145	8	1099
2130	8	998
2133	8	2131
2152	8	53
2154	8	2153
2161	8	2158
2163	8	1552
2167	8	2172
2171	8	2170
2175	8	2176
2184	8	2200
2193	8	1889
2201	8	1155
2207	8	2208
2209	8	2044
2218	8	1100
2225	8	2252
2230	8	2254
2237	8	2255
2238	8	2256
2241	8	2242
2245	8	2246
2250	8	2246
2251	8	2224
286	8	314
292	8	293
302	8	300
303	8	344
333	8	339
340	8	932
342	8	2056
343	8	288
353	8	357
370	8	354
423	8	935
425	8	1926
431	8	433
912	8	911
972	8	866
979	8	966
982	8	983
984	8	985
986	8	987
1004	8	1005
1027	8	1028
1039	8	1040
1041	8	1042
1043	8	1044
1045	8	1046
1062	8	1063
1064	8	1066
1067	8	1068
1067	8	1697
1574	8	1800
1576	8	1240
1576	8	1293
1576	8	1324
1577	8	2052
1585	8	2057
1587	8	2093
1591	8	2094
1601	8	1785
1603	8	1605
1612	8	1607
1617	8	138
1619	8	2318
1620	8	2317
1621	8	2310
1621	8	2308
1632	8	1634
1633	8	1635
1636	8	506
1642	8	1643
1646	8	1645
1648	8	2182
1652	8	1647
1655	8	1656
1657	8	1659
1662	8	1740
1665	8	1744
2031	8	1548
2034	8	2025
2065	8	2074
2075	8	1862
2080	8	2079
2108	8	2103
2115	8	2116
2119	8	2120
2127	8	2129
2136	8	1771
2136	8	1768
135	8	2149
140	8	141
164	8	167
170	8	169
183	8	186
189	8	191
195	8	194
210	8	208
221	8	220
236	8	231
273	8	272
275	8	274
279	8	280
289	8	287
705	8	706
705	8	732
757	8	758
788	8	760
835	8	1088
845	8	847
849	8	789
875	8	1433
881	8	798
891	8	892
902	8	904
907	8	906
923	8	922
925	8	928
934	8	1333
1335	8	1336
1367	8	1368
1391	8	1390
1424	8	888
1425	8	1373
1426	8	888
1427	8	888
1428	8	1294
1446	8	585
1503	8	1493
1511	8	1510
1516	8	1508
1516	8	1505
1517	8	1518
1520	8	1535
1521	8	1557
1521	8	1560
1524	8	1525
1806	8	1573
1840	8	1812
1864	8	1898
1964	8	1965
2015	8	2007
2024	8	2027
2040	8	2053
79	8	95
111	8	2027
104	8	2043
103	8	2048
165	8	161
154	8	187
152	8	178
190	8	156
175	8	358
229	8	225
226	8	242
240	8	249
258	8	657
646	8	645
676	8	637
667	8	682
698	8	662
693	8	689
692	8	695
683	8	687
709	8	755
747	8	1310
743	8	839
800	8	1578
1297	8	2258
1331	8	1115
1325	8	680
1323	8	677
1354	8	1852
1354	8	2346
1352	8	1389
1383	8	568
1383	8	566
1383	8	564
1378	8	1381
1376	8	1381
1372	8	33
1420	8	1418
1403	8	1485
1483	8	639
1497	8	1495
1757	8	1748
1764	8	1773
1781	8	1770
1854	8	2402
1847	8	1418
1846	8	1291
1873	8	968
1934	8	1930
1923	8	2143
1923	8	618
1915	8	1914
1910	8	512
1978	8	1977
1978	8	1970
2327	8	1972
2321	8	2325
2336	8	2333
2349	8	1344
2360	8	2358
2356	8	2355
2387	8	2368
2380	8	2379
2407	8	1283
2399	8	2396
2392	8	1409
18	8	15
7	8	102
42	8	39
35	8	547
26	8	27
75	8	27
73	8	86
67	8	66
97	8	45
115	8	113
112	8	492
484	8	488
531	8	1954
530	8	2311
526	8	539
546	8	569
545	8	542
555	8	554
565	8	563
584	8	1979
596	8	2199
620	8	597
655	8	2338
652	8	1468
648	8	1444
674	8	1322
1113	8	1130
1120	8	1970
1151	8	1148
1162	8	1160
1173	8	1171
1183	8	1182
1180	8	1178
1176	8	1191
1193	8	1205
1193	8	1204
1203	8	1219
1230	8	1233
1263	8	1264
1261	8	2274
1259	8	1256
1272	8	1795
1268	8	1270
1671	8	1670
1682	8	1681
1690	8	1689
1696	8	1695
1704	8	772
1704	8	770
1703	8	1702
1724	8	1733
1741	8	1731
1739	8	1738
1745	8	1737
1755	8	1747
1746	8	1784
1746	8	1774
2196	8	2187
2206	8	2197
2213	8	2215
2220	8	2215
2236	8	2235
2248	8	23
2249	8	2244
2264	8	2276
2282	8	2281
2296	8	499
2313	8	1921
2313	8	1993
351	8	639
350	8	502
335	8	334
367	8	368
366	8	446
380	8	1735
394	8	392
390	8	392
432	8	430
449	8	448
462	8	472
457	8	472
469	8	467
495	8	480
829	8	823
890	8	884
895	8	896
915	8	1834
939	8	954
959	8	943
964	8	942
963	8	940
962	8	960
1406	8	211
1470	8	1957
1469	8	1564
1466	8	109
1519	8	1158
1530	8	2036
1528	8	2036
1567	8	1572
1608	8	1596
1924	8	1927
1918	8	1917
1952	8	1951
1986	8	1990
1980	8	1976
2038	8	1313
2037	8	2046
2070	8	1855
2059	8	2061
2082	8	2060
2076	8	2060
2078	8	487
21	8	2404
19	8	16
44	8	76
40	8	71
36	8	61
77	8	60
83	8	88
81	8	78
117	8	114
108	8	105
130	8	166
162	8	159
153	8	151
146	8	177
174	8	182
206	8	200
201	8	581
196	8	588
196	8	586
595	8	613
610	8	61
605	8	592
615	8	616
630	8	591
628	8	625
650	8	654
678	8	675
663	8	752
696	8	694
690	8	685
726	8	783
768	8	763
813	8	1742
1238	8	1234
1260	8	1736
1284	8	1282
1307	8	1302
1329	8	1321
1318	8	1355
1361	8	1345
1353	8	1417
1350	8	1405
1371	8	1422
1412	8	1413
1402	8	1400
1730	8	1728
1749	8	1753
1766	8	2138
1788	8	1750
1805	8	1803
1794	8	1813
1821	8	1851
1878	8	1876
1936	8	1932
2259	8	2275
2270	8	2267
2277	8	1253
2305	8	1265
2345	8	2343
2335	8	2340
2350	8	2367
2350	8	2385
2350	8	2381
2372	8	2408
2394	8	41
2394	8	445
24	8	2395
56	8	17
442	8	444
456	8	2403
486	8	489
522	8	1860
532	8	533
535	8	536
549	8	2219
562	8	575
1065	8	670
1084	8	1086
1131	8	1128
1142	8	1141
1161	8	1159
1185	8	2140
1202	8	1188
1218	8	1337
1242	8	1241
