2177	1	975
709	4	753
53	5	1153
331	7	2201
403	4	392
1494	6	1827
1347	5	1834
710	9	661
814	10	802
1579	4	1589
689	0	687
767	1	842
1171	0	1162
750	5	754
384	9	382
2175	2	2164
778	0	1280
1609	11	260
971	10	975
1023	2	1026
851	5	295
2292	9	2297
1160	0	1165
1250	5	1271
730	5	701
1831	6	944
1377	10	2380
1339	1	1094
814	6	2096
706	0	729
1281	1	1250
1601	2	1554
675	3	678
2071	11	2058
1182	3	1183
411	4	1411
993	10	38
2138	11	2139
1468	5	1432
426	2	424
1888	2	1886
1815	6	1838
1768	3	2136
1245	6	1239
171	2	169
994	5	1015
779	6	874
255	0	1277
580	5	611
598	9	600
2083	5	1901
1604	11	1779
986	8	987
1030	2	997
911	5	397
2199	1	995
885	4	887
1925	11	1236
742	9	711
590	2	574
1860	5	510
943	3	959
1194	11	290
567	4	1729
2071	9	2057
1396	5	1411
53	5	1018
2192	6	1890
1916	1	1962
956	2	949
954	11	1829
326	6	1613
1553	0	2036
488	1	1360
1012	8	1578
163	5	1613
323	1	1830
1303	7	1577
1839	2	1837
125	11	1052
623	10	1223
1190	1	2210
1818	7	2135
1831	10	954
198	10	234
1683	11	1008
343	4	226
1395	5	1460
821	5	707
307	1	970
914	7	641
1201	1	952
1888	4	1891
1107	9	38
318	7	288
1623	1	1236
527	7	536
1607	11	1610
1036	7	1245
751	7	742
2031	4	1541
538	11	525
527	7	538
1032	11	1034
134	4	122
1863	10	2081
1265	5	2298
2167	8	2172
1104	5	1119
1067	2	899
1001	6	1622
919	1	1348
1198	5	31
58	6	1019
1920	7	1933
2135	6	821
1637	2	322
365	2	364
2290	11	2289
893	2	19
138	3	1617
761	5	820
806	6	298
956	2	950
1239	11	1925
2163	7	58
1251	1	1800
1557	3	1521
818	1	785
804	4	1564
227	5	223
1150	7	993
1565	7	2101
1820	9	1841
2403	3	456
1413	1	1350
762	11	764
451	1	2395
2064	10	2063
251	0	249
1411	1	1447
371	10	2169
1000	5	1031
1069	7	2199
443	4	454
569	0	1720
1470	2	1469
392	3	394
1190	5	2131
31	1	286
2071	5	2084
53	5	1015
1720	10	1715
2285	2	2286
1997	11	1996
990	11	905
2169	11	371
1877	7	602
1124	1	53
1434	11	1451
1414	5	1461
1147	11	1661
1621	6	1266
443	10	439
1642	7	329
318	7	2175
1628	10	2372
665	4	666
1432	5	1409
1150	7	57
156	11	148
1267	1	209
2014	11	2012
2269	7	163
247	6	1272
715	6	663
74	9	27
203	0	1406
1504	5	1455
1570	6	1222
1522	1	975
1036	6	612
1448	0	1369
1590	7	1110
145	7	199
646	4	659
1917	9	1912
285	10	303
810	2	807
1610	7	653
373	4	378
2406	5	463
1776	2	1790
777	11	780
108	10	106
1059	2	1061
228	5	271
1338	4	1352
1484	7	1441
2212	10	1853
957	6	974
525	5	697
1757	2	1773
1214	4	1204
2138	5	1616
726	10	2162
1172	7	1947
2127	6	1865
1107	11	1109
1827	10	1053
913	7	2171
2099	5	1575
1953	1	2291
955	1	978
1158	5	261
319	11	1657
1158	5	1562
1919	1	1959
297	10	525
110	0	108
782	6	875
567	4	565
601	5	656
45	9	1810
359	7	1245
1156	1	38
595	10	61
295	9	853
1050	5	997
945	10	960
1133	4	937
1866	7	2071
2096	4	2099
705	8	706
789	11	1440
1395	5	1452
997	7	994
612	10	604
20	5	49
333	4	1094
112	7	116
1052	5	2047
1550	6	330
1451	6	1415
1401	0	1451
2115	2	2114
386	4	387
341	0	1304
1027	2	1042
34	7	1194
1245	6	1036
307	5	2169
163	5	2280
1336	3	1335
1111	1	57
1808	7	2127
1189	7	533
602	2	1049
1164	0	979
258	6	667
2400	6	2395
1370	4	2393
2067	4	2088
777	5	853
1959	2	1915
1856	4	609
1194	5	1699
780	9	193
1832	9	1108
315	1	2166
2194	10	2199
2211	7	2192
1321	3	1329
411	7	1506
1440	11	1443
1347	1	1411
2209	4	2045
1791	6	2033
1415	7	1437
1856	4	604
1109	5	328
2400	4	466
1038	1	58
45	5	944
1808	10	1815
1611	7	1110
1382	2	1358
323	0	2210
1522	1	969
1282	3	1284
349	2	737
2022	7	340
1782	10	1755
811	6	298
354	3	370
1265	0	2302
1019	7	38
1473	4	1504
1623	0	1624
1979	11	1948
436	2	437
2168	0	2170
1956	11	1172
2197	1	485
327	6	1645
1015	1	58
1309	0	1305
949	6	801
1571	6	988
572	2	2229
1954	5	1473
1988	11	1947
1236	6	1228
1596	3	1608
1390	0	1392
407	2	406
1384	4	1371
2193	7	988
1351	7	1415
11	6	99
260	11	1607
91	5	1416
260	11	261
1577	10	1798
1520	4	1544
1821	6	1638
1413	3	1412
2023	2	2020
1471	5	411
353	8	357
1178	3	1180
1151	8	1148
423	4	428
225	11	718
182	9	149
2083	5	1908
1919	5	2307
1058	11	1056
2291	6	1934
1914	0	1962
961	4	1463
2352	9	2329
730	1	806
1657	7	1054
243	1	228
975	5	288
875	10	1449
1087	7	2183
723	2	349
471	7	464
747	8	1310
1637	7	2212
1945	2	1952
519	7	2128
307	5	317
5	1	12
546	8	569
970	5	2167
375	6	378
1360	5	896
485	1	457
494	6	2187
1606	10	2138
2124	7	1657
1361	10	1316
115	7	1403
1982	11	1991
1854	10	2064
1443	10	870
616	9	1466
1615	1	199
1919	5	2319
787	11	782
604	7	1819
1821	4	1897
1096	7	1035
1201	5	1216
20	5	5
1032	1	397
1825	0	136
1498	4	898
97	8	45
163	1	358
1236	10	1925
1300	0	254
1090	2	1081
1148	0	1209
88	3	83
2174	1	482
889	1	786
1395	5	1481
995	5	360
975	9	967
2193	6	1150
248	9	1495
1886	4	1888
1239	5	1228
1576	8	1240
1620	6	1264
1414	5	1481
1217	0	916
362	7	355
578	10	1423
718	5	747
1482	6	844
1239	5	473
1356	10	1314
785	5	821
1119	7	1037
1388	10	1340
1750	5	2136
993	6	997
1755	10	1777
1691	9	1690
2164	10	969
2103	5	1565
724	6	309
305	10	702
578	6	1456
901	2	965
615	4	601
361	1	1245
81	4	92
1827	6	2191
1283	5	682
452	1	2223
2125	10	2123
1670	0	1515
122	11	124
1471	5	1431
1828	10	954
1802	1	1787
1985	11	1944
313	11	311
1436	1	1502
2211	7	1637
1521	8	1560
1478	6	842
697	10	702
819	5	729
126	9	125
1620	7	1618
1953	11	1910
1443	7	761
399	4	398
719	6	512
1713	6	1729
512	1	719
2098	0	2099
132	5	2041
325	6	199
1245	6	2147
1266	11	1253
1720	10	1722
1969	5	1626
1731	11	1722
1314	6	1331
1233	5	1229
1925	1	995
1903	7	1865
622	1	1470
1148	1	868
1950	4	1948
748	0	745
978	5	951
2333	3	2336
1070	11	2226
725	11	727
238	11	240
1371	7	1380
1052	1	2101
1923	6	749
2192	6	2201
1190	11	330
693	4	684
886	7	2055
1332	10	1329
965	5	244
940	1	45
1049	6	1150
1124	11	1038
608	7	1036
1942	0	1955
772	3	1704
1834	11	1791
523	7	561
1433	3	875
731	5	305
1111	1	38
1711	6	1718
2058	7	1591
1494	10	248
1242	8	1241
2406	5	2394
1465	6	1437
582	0	594
773	6	2096
1973	7	1947
1791	6	45
1995	4	1996
89	5	1419
718	11	713
2109	10	801
2210	1	1050
1337	0	1226
1919	5	2309
2124	10	332
736	2	705
817	5	1475
2291	7	1956
160	11	1264
616	5	835
1054	5	1657
1411	11	1415
845	8	847
2018	0	2017
1475	1	820
868	10	1201
494	6	1780
1156	5	1610
1457	0	196
1401	0	1396
1281	1	1577
958	10	956
1864	8	1898
110	0	106
994	11	38
1939	0	1941
305	10	704
1840	8	1812
1603	2	1018
308	10	305
1431	11	1436
1118	7	1109
1438	1	759
2210	5	510
915	8	1834
1572	9	1527
201	6	61
763	3	768
877	11	878
14	9	24
486	8	489
2050	5	62
1752	9	1756
539	0	1950
1637	10	1636
2141	5	909
998	1	58
1233	3	1230
1663	9	1531
509	11	561
1498	2	1701
668	4	290
2110	6	2104
431	6	371
2033	1	2373
2165	0	294
504	4	507
2103	5	1250
120	9	128
1110	9	1011
1791	6	954
2257	4	2260
404	2	392
165	8	161
50	0	30
1140	7	1264
1487	9	1401
979	8	966
120	5	215
57	5	927
1504	11	1499
1430	4	2375
993	6	1124
1239	5	2323
693	2	135
1442	7	1468
872	10	1438
1159	0	1163
325	7	1110
2370	1	851
165	7	1585
45	0	87
1781	8	1770
494	4	491
425	4	1937
1834	5	1831
101	7	2046
619	0	2309
2089	2	2086
1887	7	2184
2235	9	2233
1926	3	425
1849	4	2062
1395	5	1476
1613	0	1615
1153	1	1049
285	10	313
1685	4	906
734	10	733
137	7	473
1217	0	1210
476	10	478
914	4	1609
116	7	1465
1622	7	996
1819	2	1826
1566	2	1567
318	7	312
1000	5	1030
1289	4	1287
2362	2	2331
2069	5	2081
1661	6	2194
1461	9	1423
1221	11	1207
1759	6	1731
1660	5	2194
343	4	229
2101	11	2105
985	0	982
306	2	2165
74	1	1372
2050	5	98
1465	10	1499
182	11	185
51	6	997
1509	0	1493
1312	7	487
1634	5	1080
444	11	438
2371	2	1631
577	7	2195
1353	8	1417
416	11	415
821	5	848
468	6	477
2112	6	2102
70	4	2382
2067	2	1585
305	7	728
1658	10	319
770	3	1704
2120	3	2119
1908	2	1904
327	2	1107
1666	6	1111
1648	8	2182
118	6	150
2193	7	982
2041	2	2032
720	4	741
1487	1	1506
1538	9	1535
743	10	746
35	6	557
1020	6	1604
972	7	966
2064	7	2061
1925	11	1101
1075	9	666
1565	10	1052
2103	1	2110
1729	7	1713
1641	0	199
327	10	325
2083	1	2069
51	6	1110
239	7	229
646	4	658
124	2	128
676	4	672
789	1	779
1265	5	2295
2109	4	2112
1919	11	1473
2191	10	2184
1360	1	1415
58	6	927
448	3	449
2030	1	332
2226	6	1073
396	7	909
2401	9	2372
2321	8	2325
306	7	973
2074	5	1557
1969	5	1627
1103	7	57
1466	4	1469
1481	7	1414
271	6	257
449	4	494
1703	7	1474
1916	5	1502
310	11	294
551	11	550
1119	7	1104
1264	9	209
945	7	45
2042	7	132
1619	6	1266
1474	9	1403
812	11	814
741	11	1664
639	9	2330
649	1	641
1429	4	2368
599	2	1053
1351	6	918
1018	11	1017
271	10	240
343	4	227
773	10	2109
495	8	480
544	0	63
1348	11	1354
87	7	1829
34	7	2172
1331	7	1347
949	6	764
312	7	974
2234	2	1951
562	2	559
2149	9	2147
950	0	958
117	4	133
438	2	445
1861	10	2033
375	6	385
1815	6	1558
2182	11	1634
2125	7	1016
123	10	118
267	2	266
1353	7	1361
2074	5	1812
146	7	215
882	4	1395
2101	11	2103
152	7	118
434	4	432
255	9	254
818	1	2135
332	1	1126
330	7	1638
2391	9	2405
833	2	839
2045	9	1561
2100	6	1575
1033	6	2132
1513	11	1515
118	6	1613
253	1	1271
1266	5	2289
2096	7	773
1905	7	1867
1245	10	140
1586	6	118
1858	10	1823
1393	1	1087
1891	4	1893
1778	7	1020
953	5	868
1395	11	1416
1625	9	2271
1321	0	1318
1912	9	1911
779	10	782
1352	10	1356
1973	7	1946
78	3	81
39	3	42
918	11	1130
83	4	201
1791	7	1314
1602	6	2137
1187	5	1216
1348	1	1409
140	4	1239
1830	7	248
1190	1	2128
2183	1	2125
1062	2	931
902	4	1046
1056	1	2194
1277	5	1311
1478	7	1438
1351	10	1314
154	4	179
1590	6	121
238	1	228
1372	10	28
1109	5	1585
978	9	977
1791	7	1360
1861	7	1791
1750	5	1602
2096	7	774
760	0	1439
2166	7	971
1073	0	1077
681	0	1828
1440	11	875
2167	2	2165
994	11	993
357	0	2095
521	9	509
439	5	335
833	10	289
761	5	872
1473	6	2307
719	10	2287
1462	11	1460
2042	10	2040
1218	8	1337
602	7	357
1857	2	1849
1103	6	1586
773	6	2111
313	1	971
887	4	890
1147	0	1155
1753	11	1554
1960	4	1963
827	10	825
2099	5	1571
642	4	1258
1769	4	1786
2150	7	1676
1034	4	2132
1071	0	1085
46	10	1511
597	0	624
411	10	1398
240	7	229
345	4	355
662	3	698
803	0	796
246	7	1796
1434	11	1437
1150	7	43
777	5	1283
781	6	705
308	7	538
938	0	960
1319	11	1322
969	10	973
900	6	1050
1516	2	1518
140	10	995
2223	11	2226
62	11	91
100	5	1419
1103	6	1587
819	9	792
144	7	1239
1568	11	125
1436	1	1706
2348	5	2378
557	2	1372
63	2	29
1342	7	1409
882	4	888
238	9	226
2056	0	2098
1085	10	1081
1823	6	606
881	4	863
2217	1	1364
820	10	705
941	1	1831
978	0	774
1444	1	1499
142	2	141
1571	7	2102
1102	4	1118
1087	2	1071
1091	0	1089
38	5	2158
1919	1	1953
998	5	1033
183	8	186
142	10	1243
2194	10	602
1439	1	785
1318	6	1388
874	2	788
658	2	645
1342	6	921
1000	11	997
1504	5	1431
820	7	2075
1316	2	1321
357	5	602
2170	3	2171
2092	4	2404
972	8	866
1591	6	1641
427	6	1929
1012	6	1119
1275	5	1287
236	8	231
1124	5	1057
119	1	130
994	5	1102
1395	5	1464
1521	7	1610
482	5	2186
408	7	1029
1817	9	1816
299	1	730
1103	6	326
2167	6	315
1729	6	561
806	7	760
1378	2	642
144	4	1643
2231	5	1071
204	11	205
2211	2	2210
320	4	322
2081	1	2069
1826	0	1822
334	3	335
1572	1	368
888	0	1425
2322	2	1628
1124	5	1119
1342	6	896
1963	2	1960
1461	1	1414
2202	6	331
2170	1	306
819	5	1957
290	6	31
43	10	53
227	5	237
1636	10	1637
1847	8	1418
880	1	1439
299	1	1173
955	11	951
1443	6	1488
723	6	1409
1456	10	1460
1946	6	1956
2299	9	499
1964	4	1967
1103	10	1107
1647	11	2182
1937	2	425
2388	10	2370
1662	6	1013
409	11	408
1150	7	53
1016	4	1017
199	5	207
1493	3	1503
1962	5	1921
2128	6	1890
1533	10	1532
1243	4	1229
789	11	874
997	2	995
887	4	877
2131	0	2140
126	1	1052
1359	5	1810
1487	1	1465
949	6	805
812	11	764
1444	9	1403
958	6	972
2365	5	1378
1798	5	2047
954	5	1418
313	5	2179
2071	5	1864
109	0	616
1411	1	1436
1311	10	1286
2231	11	2225
36	10	32
2305	8	1265
1083	0	1249
1357	7	1327
42	7	1829
1441	9	760
1016	2	983
1268	8	1270
1601	10	1602
952	11	966
460	0	457
1905	7	1865
1667	9	991
440	11	444
2302	7	1267
1411	1	1432
482	5	1777
2237	10	2223
863	4	2109
1815	2	1562
871	9	291
1035	7	996
1613	9	327
427	2	424
730	5	700
2353	6	1408
583	5	1456
2354	7	2350
1511	8	1510
1670	3	1671
2077	1	1356
968	11	972
1485	3	1403
981	5	1221
1779	11	1601
72	7	46
1360	9	1338
2082	8	2060
2175	10	310
1171	0	527
1347	5	2339
326	7	1109
51	6	1127
2253	0	452
1528	8	2036
2127	8	2129
975	5	307
785	11	787
91	1	2024
794	2	513
1052	0	1827
335	2	356
1611	7	1105
1975	10	1973
2398	4	2408
1131	8	1128
1362	4	1364
1020	7	47
708	5	308
1456	7	1395
431	10	2168
757	7	2380
285	6	31
1642	4	205
993	6	1126
322	10	995
2250	8	2246
1974	2	1976
805	11	767
1642	7	163
2201	7	1660
569	0	1712
1253	11	1266
1155	3	1122
597	1	1827
1360	5	1810
1502	10	1468
1921	1	1959
441	6	1572
2340	1	1619
759	6	820
2230	10	2237
192	4	194
47	5	2156
1641	1	1591
2322	6	1617
771	10	773
1029	0	1035
1704	8	772
1865	1	2127
2043	11	2042
300	5	2179
2400	6	461
801	10	774
1126	5	1117
919	1	1360
376	7	2170
874	10	789
1670	0	1514
2131	1	331
1455	2	1401
357	5	998
1380	10	1384
2167	10	2175
152	7	163
597	11	598
565	7	1733
2175	6	318
50	0	44
1118	7	1122
712	10	717
1086	5	1249
2149	1	142
1550	10	2128
1012	6	1117
731	5	308
2132	7	1031
1425	8	1373
43	6	1127
2112	6	2097
1124	5	1055
1070	11	2238
511	4	508
1066	0	1007
1377	2	2382
2059	8	2061
1390	9	2221
1463	0	1476
1547	0	1551
2114	9	172
304	1	730
2406	1	2145
547	3	35
1586	6	2071
95	3	79
490	1	470
1499	10	1471
521	11	505
300	11	313
328	5	1613
439	5	454
2100	6	1565
263	11	262
758	0	761
1760	2	1752
2068	4	2402
220	11	777
1956	9	1977
2099	11	2104
173	5	2114
1550	7	2212
1638	5	325
2285	7	1266
1347	11	1351
1280	7	786
1978	10	1944
1038	5	1119
2170	1	312
1031	10	1034
390	4	404
731	5	700
482	5	2187
1921	5	1471
417	7	400
874	7	761
1128	0	1112
2337	10	2340
2289	7	1267
345	7	286
310	9	2164
2047	10	126
1086	3	1084
318	7	294
814	2	978
1109	5	329
145	7	160
1488	2	849
698	8	662
548	0	589
1101	2	141
750	1	817
851	11	853
1860	5	1634
773	7	844
1817	5	1839
1699	6	38
826	2	295
1730	8	1728
285	10	2166
1444	11	1434
1266	0	2292
1926	0	1935
1248	2	1247
2058	10	2071
1615	11	1614
2153	3	2154
1109	11	1104
812	11	2109
951	7	978
551	9	790
1798	11	1565
1602	10	1604
612	10	606
1911	4	1880
974	2	967
1117	7	1107
510	1	1638
2166	6	315
593	11	594
1791	10	2373
729	7	821
389	2	387
368	5	1572
1406	8	211
1529	7	1237
29	10	1372
1019	6	1604
1216	5	1199
51	6	1103
1833	4	1835
2095	4	118
761	11	785
1615	9	1606
863	4	812
1621	8	2308
310	1	968
2145	10	2372
1169	10	553
226	8	242
642	4	1378
245	0	1796
1011	7	125
1861	6	2042
1586	2	1545
2127	7	2202
569	0	1732
1522	9	971
258	2	645
1205	3	1193
780	5	853
1201	9	979
2263	1	2147
316	1	285
966	0	1189
1258	10	1260
1283	1	738
1746	7	480
1542	0	1066
47	5	1150
74	9	75
2181	0	2237
1960	2	1920
19	8	16
842	7	1482
1472	9	2320
954	5	940
658	6	649
1647	11	2183
985	3	984
896	1	1344
708	11	731
88	1	117
1394	4	1461
407	10	409
1281	1	1251
2119	8	2120
2224	5	1073
1315	11	1318
297	4	301
1244	2	1234
2147	5	144
1018	1	51
13	9	6
986	4	983
1860	5	330
829	2	846
1460	7	578
2096	10	2112
704	11	299
354	9	345
124	7	133
1488	2	789
2368	1	1416
1368	3	1367
2190	0	2185
202	11	145
423	7	1033
942	1	45
2001	6	2017
1523	7	1051
338	6	2151
1395	11	886
1440	1	781
371	7	307
1190	11	1095
971	2	967
1147	9	1053
293	9	1005
1660	1	982
893	4	1068
100	1	2041
1359	5	2077
2382	4	2380
1259	8	1256
757	4	761
2214	1	2194
2018	11	2020
631	0	617
28	10	27
1634	1	324
101	10	91
465	7	2401
899	9	1687
229	10	226
1073	11	1071
1073	1	2223
517	10	518
1871	7	1863
139	7	209
1467	6	1487
298	1	815
1983	11	1992
2361	11	2359
2102	6	1565
759	2	757
2147	11	1925
1834	11	2373
1440	1	761
1216	9	975
118	6	2269
1037	1	1666
1020	6	1603
988	7	1798
667	7	643
805	1	844
2164	6	2177
396	6	1033
1216	1	974
2193	8	1889
163	1	1586
2223	5	1073
1012	10	1104
2190	0	2197
1934	8	1930
303	10	286
1951	3	1952
1668	2	2355
295	1	851
927	9	53
1031	7	999
1090	7	1080
879	7	1449
487	5	1312
1077	10	1078
570	11	571
1440	5	1482
1323	10	1312
973	5	313
221	8	220
298	11	730
1460	10	1462
1529	2	1211
244	7	951
1664	5	289
2372	10	2145
708	5	299
2065	7	1588
879	6	842
1778	7	1753
464	6	480
38	5	1020
1012	4	1590
1646	6	1536
1414	11	1395
1411	1	1451
2327	8	1972
1475	1	806
2224	11	2225
2083	9	2074
2201	6	1179
1829	6	87
2036	9	1553
225	9	219
43	6	1110
1201	0	981
38	5	1124
1647	1	2124
2133	8	2131
2123	0	1634
1559	7	1815
2258	3	1297
1103	10	1102
121	7	360
1469	8	1564
2394	6	17
1439	11	874
1590	6	1641
1545	3	1012
1053	6	1823
1189	7	953
322	6	1239
247	2	2107
1350	6	1413
459	6	1746
413	10	415
100	11	91
2010	0	2314
1424	7	27
2282	7	1979
286	8	314
491	7	482
2199	3	596
1094	9	333
101	10	93
2376	11	2374
1751	6	1759
921	7	1354
1176	6	1424
867	10	859
1809	2	1807
978	5	955
2199	11	2195
1891	2	1888
878	10	877
820	6	1957
319	1	991
1841	0	1820
1941	2	426
1170	11	1393
2188	1	482
1133	7	1032
2055	1	2043
303	7	969
366	8	446
2097	1	2110
1764	8	1773
1105	6	1587
92	9	81
1745	7	1777
614	7	602
940	9	938
773	10	771
2339	2	1314
2399	8	2396
1122	6	1118
968	5	311
288	5	318
1033	2	1029
2193	6	1153
1233	5	2323
553	6	1183
1634	9	2128
327	7	1105
971	7	956
462	4	470
115	8	113
1650	4	1651
705	7	760
1031	7	397
1489	4	1486
13	0	19
258	6	669
1394	6	2353
321	0	357
215	7	124
1915	2	2327
2217	0	1393
549	8	2219
220	11	786
1231	2	1249
949	7	1478
2167	4	31
880	9	849
299	1	707
1622	7	1236
396	10	1029
1255	2	250
312	10	288
1524	7	1520
317	7	310
855	0	2409
782	6	1438
1241	3	1242
2002	4	2003
779	4	817
1243	7	322
2404	3	21
1933	4	1872
1015	11	2163
2147	5	2261
1660	5	1881
802	6	2112
817	5	728
647	4	1157
1070	11	2225
229	6	239
882	2	1418
1665	6	1126
856	5	682
1235	10	1237
1211	2	1208
1253	3	2277
498	7	1954
2403	11	2400
38	5	1015
355	11	353
1773	3	1764
911	3	912
2171	7	990
1012	6	326
1233	11	2147
2062	2	1850
1243	10	1925
927	1	994
2045	5	1053
1601	6	2138
1702	3	1703
2403	9	2408
879	2	849
1487	11	1436
2031	7	2123
1269	2	1273
517	6	2316
287	9	284
708	5	697
1157	0	129
1877	10	2028
1475	9	821
1351	6	1331
1113	8	1130
43	4	999
1273	2	916
2141	5	989
2045	1	2099
2070	8	1855
271	2	226
1903	7	2083
2279	11	2280
2195	0	609
883	11	91
427	4	1955
212	4	216
1124	1	57
434	2	435
921	6	131
457	6	482
1173	8	1171
2261	10	1922
960	9	1828
324	6	1611
299	11	301
750	1	821
974	6	1216
2170	0	1029
150	11	147
1071	1	1032
533	5	1196
629	2	598
38	11	993
488	5	1319
1345	0	1340
1165	7	527
2128	6	1190
1561	0	1563
1130	9	1341
363	6	1003
2128	2	322
140	6	1550
1298	11	1301
2031	8	1548
89	5	1395
965	5	968
2327	4	1915
431	8	433
1758	4	1737
1265	5	673
937	11	936
2399	2	2232
519	7	1637
664	7	649
1637	6	326
1317	0	1356
612	10	614
1946	10	1948
2391	5	12
956	10	955
183	2	180
1122	7	43
2189	7	494
118	4	2279
630	7	835
1706	6	1436
999	9	995
957	6	2114
1780	5	1751
140	10	357
57	1	1699
1791	6	1861
1101	10	1236
2110	6	2209
796	2	803
1636	10	1638
1657	10	1658
817	9	779
1662	6	319
1504	5	1442
1978	2	1949
1327	5	1357
2302	10	2303
2232	4	572
291	7	832
612	7	2194
1287	10	1286
163	1	361
812	1	949
637	5	914
919	1	1342
1774	0	2178
1298	5	1074
1117	7	1012
1667	5	1127
941	11	960
1358	2	1320
1840	4	1842
787	1	553
968	3	1873
888	3	1427
1777	11	1780
1453	9	1402
517	7	1979
2163	8	1552
1483	10	1479
1354	8	1852
1037	5	1118
91	5	888
863	4	764
1665	10	1666
1394	10	1416
470	4	478
1887	10	1881
1660	5	2207
1081	5	2151
311	6	371
20	11	17
643	5	667
758	3	757
1539	10	1241
183	2	173
1466	8	109
1487	1	1499
1874	7	324
971	6	2175
1378	8	1381
1771	3	2136
2185	11	2197
1526	2	1525
681	0	954
1147	11	1660
1249	2	1083
724	2	706
118	4	2280
818	11	821
1265	11	1266
612	7	602
1241	0	1237
1550	6	2182
2241	2	2246
782	6	872
1746	4	2174
2237	8	2255
743	4	832
1969	1	2323
1207	9	1148
188	10	185
936	9	1133
1167	11	1392
729	6	309
2081	11	1865
1467	6	1479
844	7	1488
1056	1	1111
806	7	761
94	7	1831
1352	6	2339
1243	10	2147
1811	1	2127
1105	6	1119
310	11	2167
1658	6	1017
2112	6	2104
1660	5	1150
452	1	2225
1314	10	1359
993	6	1000
1569	10	1224
609	7	2199
703	7	707
835	2	1862
2342	9	1479
782	10	781
821	5	729
1437	1	1465
1276	7	1494
2275	3	2259
2145	6	2406
220	11	778
1437	11	1442
237	7	228
1439	1	759
1617	10	1619
781	2	757
2041	6	98
1330	0	1323
17	11	20
787	5	705
1147	5	2207
629	10	627
1937	7	426
1052	5	1594
1718	7	1714
1979	9	1950
1555	2	1592
423	2	1032
695	5	684
625	3	628
1682	6	333
320	4	1050
1038	11	1122
120	1	133
2158	5	1617
1521	4	1551
1973	7	521
555	2	558
750	5	756
1860	3	522
1155	1	1661
242	0	239
2081	9	2065
2132	2	1034
1588	7	1104
2282	7	1948
1638	1	2212
51	7	1699
1843	7	1815
1733	9	569
635	2	636
638	11	2205
1593	5	2071
2110	7	814
165	7	362
1522	1	972
779	2	757
2007	9	1639
1103	6	1117
1602	6	2138
2339	10	2336
824	0	861
2020	6	2017
1455	10	1432
2112	7	808
1864	7	2058
1934	4	1921
994	5	1156
2356	2	2126
788	4	870
425	6	1940
1432	1	1467
676	4	667
1576	4	1673
1126	1	58
1577	6	988
2069	11	2067
663	4	1705
1571	7	2100
1344	9	1317
1233	11	1925
1480	0	1481
286	4	318
2373	7	1351
602	6	1069
1393	11	1170
1577	10	1568
1836	2	1816
1331	7	1354
728	10	707
1952	8	1951
1930	9	2293
1054	5	1666
1863	6	1871
2239	2	2241
472	3	462
1180	2	1174
1620	6	1643
2186	1	482
1809	7	2127
550	5	787
152	2	157
1150	7	1660
333	4	1676
2276	3	2264
313	9	2164
1239	1	1050
1442	10	1436
789	1	781
1848	2	2212
618	9	2315
520	4	2283
1041	8	1042
819	5	707
2020	10	2018
969	6	303
1810	10	1834
997	7	993
1560	3	1521
1447	5	1338
842	7	1484
1447	1	1467
340	7	1033
1526	10	1533
1471	9	1472
358	3	175
785	5	1440
317	10	316
932	3	340
1991	5	1975
124	10	120
1105	7	43
1706	6	411
1722	10	1733
609	7	2194
812	9	978
2216	4	52
20	11	12
51	6	1020
1440	1	779
681	0	45
1620	7	2157
2278	6	1958
58	4	2157
277	0	278
176	7	154
455	0	468
2124	4	2030
1732	9	546
1126	9	1013
779	10	785
2013	7	1988
2006	11	2007
707	10	729
1097	0	1132
325	10	1611
229	6	241
1822	10	1823
2383	1	2331
974	6	1151
791	0	553
700	1	728
212	2	208
1102	7	53
1829	6	960
510	1	1550
2066	10	2069
1972	1	1979
57	5	2158
2201	6	331
811	10	821
146	10	185
2175	6	316
1053	10	1830
247	7	1800
994	11	51
1291	11	2332
1429	4	2353
1982	5	1973
2062	10	2060
32	11	1511
705	4	707
211	3	1406
118	6	2268
1216	1	969
1450	4	1445
42	8	39
135	2	682
997	7	1245
703	7	525
1306	10	1197
1008	9	1043
1105	6	1590
137	10	695
3	4	2
2237	2	2181
969	6	311
909	11	2171
1499	6	411
917	0	1273
1354	10	1348
1250	9	2101
611	1	578
2395	11	2391
966	5	971
667	7	658
2066	6	2090
91	1	2041
2198	2	1049
857	7	786
758	0	759
1772	2	1746
1096	7	1030
247	6	1276
1105	2	38
843	0	837
1894	1	2081
808	11	802
870	6	1484
2223	11	2225
421	2	412
419	7	414
1483	7	1506
1550	7	1821
166	3	130
1577	10	1052
294	5	2170
2218	2	1363
1642	7	326
815	5	728
1455	7	1504
42	4	29
630	8	591
1029	5	415
1834	11	1810
2149	9	2145
1442	10	1434
2361	9	2331
1317	0	1342
1634	0	1762
1311	10	1287
1696	8	1695
1883	4	1495
1342	10	1341
1683	5	333
1878	8	1876
1634	3	1632
806	6	728
888	3	1424
209	0	1264
2109	10	802
2403	5	461
867	4	858
1126	5	2124
1664	11	709
444	1	2391
1557	0	1559
1111	5	1056
2081	11	2083
1338	4	1348
704	1	525
653	2	657
1267	0	2285
1383	2	575
2066	6	2073
1622	7	1925
226	2	343
1264	5	1140
790	2	1178
429	10	447
1784	3	1746
322	6	997
34	7	290
426	4	1941
1233	1	1050
43	4	996
1118	7	1103
1428	8	1294
705	4	736
1866	6	1902
44	2	54
1347	11	1352
2321	4	2376
794	10	793
2157	2	2155
2079	3	2080
1568	11	1052
1239	9	140
970	1	957
2158	11	2157
1533	2	1525
790	4	553
2193	4	2211
782	7	553
806	6	731
312	6	2179
1823	10	1822
1383	8	566
753	7	743
1506	10	1502
47	5	997
1105	7	993
1616	10	1615
2058	6	2084
946	10	942
2188	11	2185
1396	1	1467
2191	10	1147
318	7	310
1867	6	1871
303	10	313
1073	5	1081
857	7	777
921	2	1341
2405	4	2395
1647	1	1636
2010	9	529
1622	4	1624
1111	5	1058
914	4	261
2284	11	2298
1951	0	1945
666	0	1072
1210	5	1273
156	11	147
1923	8	2143
1054	11	1662
1586	6	2069
1905	2	1863
1352	2	1338
1138	10	1140
888	5	2366
1438	11	1441
1408	0	1430
476	2	470
1575	10	125
1641	5	2279
1467	6	1431
792	0	705
537	6	545
285	10	306
755	3	709
1102	6	1591
1071	1	2230
1674	1	1224
1662	6	2184
371	6	397
463	2	2400
394	4	381
545	8	542
2150	7	1087
122	11	119
205	10	204
2045	5	1303
160	1	1617
1729	10	565
490	5	2188
87	2	97
880	11	1484
2238	10	2231
1550	4	326
1641	5	150
487	5	1322
1969	11	1624
1148	1	1186
1153	11	1155
303	8	344
298	0	308
871	11	822
1456	7	888
2265	4	2266
305	7	730
1796	6	1251
488	5	1312
2365	5	1260
1148	9	1200
89	11	62
1557	1	2127
1364	6	2217
1358	7	1327
261	6	1520
2178	9	1746
1639	7	329
499	3	2296
1384	10	1380
888	1	91
1162	8	1160
2155	9	283
984	4	1054
1243	6	1623
1506	7	1919
2201	4	1562
1196	4	1193
228	5	223
90	6	1464
988	6	2192
833	7	739
1127	6	1633
2194	7	2192
822	2	291
806	7	1564
2284	9	1267
2410	1	570
235	4	230
329	6	1613
696	7	1279
1045	2	907
358	11	359
1685	2	1684
715	10	2287
209	1	2157
152	7	1641
1210	5	1291
146	10	188
1735	3	380
1859	9	933
2392	8	1409
246	7	2100
1482	7	875
834	10	829
1618	7	2145
817	1	781
92	5	134
774	10	805
703	10	304
2140	3	1185
1858	7	1830
633	0	622
937	9	1133
43	6	1020
592	3	605
1354	7	1409
1189	7	957
938	0	941
2105	6	247
1658	6	332
645	0	659
719	10	715
609	10	606
755	0	753
850	11	873
237	6	257
2272	11	2260
2025	11	2026
1436	11	1398
541	10	557
2128	6	2211
1970	3	1978
450	9	437
734	7	806
498	7	1913
0	10	55
667	8	682
473	1	1628
1978	8	1977
945	7	1829
857	10	853
1724	8	1733
1947	10	1979
1658	7	1054
2301	9	139
53	0	924
225	11	720
1865	1	2058
1132	10	1133
136	7	1354
2066	10	2067
94	10	96
1843	2	1840
426	6	1937
2031	2	2028
1850	1	1359
875	6	1488
2197	11	2188
825	11	834
2138	9	1603
634	6	633
1253	5	2304
621	7	599
340	7	1031
1899	4	1597
301	11	308
869	2	514
1482	10	880
563	3	565
1312	10	1326
2140	11	2134
1439	5	880
2362	10	2357
312	2	2164
1884	2	1882
1733	5	565
1434	11	1398
1371	7	1379
1641	5	2270
2170	9	2168
543	2	64
856	1	786
305	7	731
240	4	257
1095	1	2128
2012	9	1639
471	10	457
358	11	2095
1571	10	1563
2227	10	2223
1280	2	778
2396	0	2410
974	7	955
687	1	695
1111	11	1127
1630	4	1628
997	7	58
2165	0	288
2103	3	2108
886	6	1460
855	1	780
700	11	305
1646	7	260
1587	6	123
627	11	629
225	5	746
999	11	998
1034	10	1033
303	10	310
978	1	1488
405	6	1031
966	5	968
1824	7	1356
1947	6	1975
1474	1	349
1321	0	1361
1927	11	1933
1624	6	1997
1661	6	1887
1253	5	2295
1499	6	1434
2182	1	2210
1009	2	1021
2144	2	1096
921	7	1344
215	10	153
2175	8	2176
1235	6	1226
848	7	819
1344	1	1411
1052	0	1830
206	4	59
2297	4	2292
785	5	1449
1356	10	1360
1813	0	1775
101	2	2053
1066	0	1694
1946	6	2283
2329	11	2348
967	0	974
459	6	476
182	3	174
2135	6	806
29	6	557
957	10	966
941	11	944
1718	2	1723
900	7	1193
1360	5	1331
940	11	945
758	9	790
1208	0	1211
811	6	708
427	6	1938
1982	5	1956
785	5	815
397	6	410
112	8	492
1860	5	328
1071	1	2238
2211	10	1890
2186	11	2189
42	7	1828
122	11	127
1172	7	1946
1558	7	1811
1877	7	2195
1853	6	2128
801	10	762
1239	5	2261
1204	3	1193
806	6	730
1401	0	1435
1228	10	144
1532	2	1525
296	10	828
623	6	560
1520	7	261
1824	7	1348
1303	7	2045
328	9	1550
2138	1	2136
739	7	713
1959	10	1954
551	5	761
2377	9	2379
1285	7	1568
58	10	38
1110	1	51
724	6	700
889	1	780
1731	11	1719
313	1	973
944	2	938
1251	5	2047
1051	6	1272
892	3	891
2173	2	1725
670	5	664
2386	9	2351
2115	6	990
396	4	408
1381	9	1373
2111	5	2097
918	9	1341
988	4	323
1395	5	2368
638	9	1257
1564	5	1818
1007	10	1693
2125	6	2183
1915	8	1914
331	10	1190
701	1	1173
1553	3	1017
1349	7	1315
2156	5	1671
2	1	14
1637	6	330
1831	2	681
2403	11	2405
707	6	701
115	4	112
1606	2	1605
2020	7	2051
2113	4	1656
313	11	286
688	10	687
1175	7	330
1298	1	1197
1306	10	2172
1996	2	1968
857	6	2370
189	2	186
43	6	1105
1431	1	1706
961	4	90
1270	5	253
868	7	958
1767	0	1765
551	5	760
537	6	1726
373	4	385
1364	6	1116
1463	0	1464
476	7	480
699	0	719
516	4	515
303	6	371
2180	4	2230
125	11	1575
1337	1	1546
291	4	826
295	5	664
957	10	952
57	5	929
1959	6	1919
1044	3	1043
1643	1	1617
2287	10	712
491	2	494
1811	5	1844
452	1	1070
2197	11	2185
239	10	240
808	11	762
31	1	1306
48	11	49
150	5	179
1132	6	1143
353	4	361
957	10	955
2382	6	65
909	11	911
1262	9	1229
1251	1	1796
1463	9	92
2381	3	2350
1356	6	1130
789	1	787
1431	1	1502
1229	1	1925
1455	10	1396
1348	11	1351
1798	11	1052
163	1	1588
704	11	309
1396	1	1504
1830	6	323
1563	6	2047
517	6	2008
271	10	239
982	4	1016
1838	1	1557
1398	11	1437
407	7	397
1194	11	1197
1417	0	1413
1354	10	1356
1482	7	1439
2145	7	2118
451	9	437
1587	2	1545
1520	10	1646
1443	10	1438
384	0	374
315	11	317
431	2	901
257	2	249
528	7	536
420	7	414
1922	1	142
1576	4	1292
1844	7	1811
68	10	1406
978	0	801
227	5	243
1716	0	1711
1328	10	1323
702	7	707
728	7	821
551	11	758
1036	4	1056
249	11	237
1837	7	1811
1973	7	1944
2270	2	121
769	2	765
990	5	909
2394	7	2401
1318	6	1346
1746	8	1774
945	7	1831
390	8	392
760	3	788
2010	1	505
990	5	2171
1510	9	2387
2026	5	2035
2188	11	2197
1867	2	2065
1311	2	1289
874	6	1488
1634	5	1649
24	8	2395
1977	0	1975
1924	4	1920
1126	5	1632
1624	4	1626
1571	10	1577
292	8	293
1837	10	1838
1674	11	1675
2077	11	1824
1608	8	1596
451	11	436
1156	1	1660
1772	7	490
863	4	771
777	11	738
326	2	1550
1636	6	1874
1068	3	1067
140	2	321
761	1	1169
1859	0	919
2121	2	983
466	4	475
1377	2	2384
485	5	1772
958	6	970
1354	6	1130
47	5	1102
1810	7	1360
2369	11	2354
1124	5	2125
1739	8	1738
1976	3	1980
285	10	310
1352	10	1360
1342	6	136
210	4	212
1351	10	1344
945	10	941
2142	0	2144
1576	8	1324
28	2	42
416	1	2163
91	11	62
1619	6	2340
1062	8	1063
928	3	925
1338	4	1351
423	8	935
1944	5	1172
1575	6	1827
1798	11	125
1656	3	1655
779	10	787
743	6	753
1171	3	1173
870	6	976
2291	2	2327
2379	3	2380
980	4	320
567	10	1713
126	1	1563
43	6	1037
250	4	1255
978	1	1484
1194	5	31
1817	1	1557
662	5	727
1493	9	1509
510	9	496
247	7	2100
1968	5	1983
2293	4	1930
1409	1	1442
2385	3	2350
548	9	552
101	2	2040
1104	1	47
941	11	946
1000	11	998
1196	4	1192
1464	9	1463
1759	6	1720
1150	6	260
1911	4	1912
177	3	146
2101	5	1563
1679	2	1677
1212	1	1216
1227	2	1148
360	1	1245
1854	7	2062
44	10	40
953	5	1700
1439	11	1440
2175	7	974
774	6	2096
1545	0	1588
57	11	58
1866	6	1908
2323	6	695
178	3	152
1052	5	126
1156	1	994
508	10	521
754	7	733
1661	6	2207
276	2	275
2193	2	1053
1333	3	934
2198	6	576
2259	7	1925
949	7	879
1201	1	951
1037	1	43
1052	11	2045
2088	10	2087
2350	8	2381
1035	6	1132
2384	1	1395
2042	4	107
329	7	1102
379	1	376
98	6	888
880	1	1441
1601	6	2137
738	6	853
1979	11	1944
1461	11	1452
2058	6	1866
2305	4	2303
1148	3	1151
2066	2	2057
2016	7	2006
795	2	798
1088	3	835
568	3	1383
2225	6	1071
1447	9	1401
875	10	1441
1590	6	2058
325	7	1102
268	0	269
1978	6	2282
2365	11	642
28	10	1372
922	0	1048
1948	10	1978
1261	10	1262
27	3	75
739	10	1664
1824	7	1344
707	7	817
2189	10	2187
2298	7	139
2312	2	2010
1624	6	1994
1173	2	1183
2261	10	1229
1029	9	2170
1280	10	855
2103	11	2104
323	0	1860
1973	7	523
1329	4	1316
2198	10	2194
811	10	819
1104	1	57
1306	10	290
47	11	51
1465	6	1479
305	7	1173
826	2	291
2209	4	1577
1078	11	1077
31	0	51
1104	5	1588
2348	9	2328
1609	5	1646
1063	9	934
333	8	339
2237	10	1070
780	9	219
1056	1	1122
801	10	773
813	4	809
2165	0	306
1769	2	1781
195	8	194
1488	6	978
2042	10	2024
1614	11	1615
299	1	538
2179	1	306
1790	9	1098
736	2	732
2149	3	135
556	10	571
1621	6	2345
487	5	1325
1409	9	411
2307	10	2309
2184	6	1036
1537	4	1242
2123	1	319
2343	3	2345
181	11	146
323	1	1827
1706	6	1398
1094	0	2151
984	2	1082
2046	3	2037
1506	6	1432
47	3	1013
2368	1	1395
842	6	771
1153	0	1609
158	0	2269
1753	5	1603
415	10	413
1053	4	598
148	9	157
1000	1	47
762	9	863
857	6	2409
140	4	1101
1081	0	1090
793	7	514
1745	10	1751
1234	3	1238
1497	4	1051
335	2	368
2350	8	2385
761	5	819
2328	0	2348
2168	9	903
982	6	1049
2180	4	2225
2375	7	1399
2081	11	1867
2225	8	2252
581	3	201
1575	6	1830
1271	7	1051
482	1	459
1755	8	1747
437	4	450
1127	7	1665
2370	1	1280
839	0	289
2166	10	294
876	7	890
2194	6	606
2361	11	2362
778	0	889
1633	6	1761
368	3	367
969	7	953
833	7	741
2025	1	2123
57	5	1019
1804	4	1802
7	8	102
2353	6	1407
1607	1	1150
93	7	2042
208	0	212
2214	11	609
1796	2	245
2348	5	2362
1687	4	899
121	6	152
654	3	650
318	2	286
704	1	731
179	7	152
2235	3	2236
1857	10	2061
461	7	2400
1457	9	1454
2278	6	1953
2395	11	2394
1047	2	920
852	7	859
1158	9	1147
219	4	220
762	11	802
2259	7	2147
872	10	875
1605	3	1603
1398	1	1465
1660	5	2198
1114	11	1116
1620	2	2159
1030	6	1133
1173	6	703
222	0	1255
2125	6	2031
62	5	1419
1665	8	1744
1530	8	2036
2101	5	125
2025	1	2124
1587	8	2093
960	11	946
53	1	1699
1838	9	1816
1502	10	1403
1017	10	1020
975	11	968
1629	0	2159
43	10	58
1914	0	1934
1954	3	531
1521	8	1557
1066	3	1064
2104	7	2112
1053	7	1798
2164	4	2175
1172	7	505
1611	7	1103
101	10	98
2132	6	2146
2099	9	2098
1522	11	422
2075	10	2135
1978	10	1946
1623	5	695
2125	7	1038
1394	4	1456
196	7	1399
2109	10	771
914	7	637
1079	7	332
1607	3	1612
1727	5	508
1342	6	2077
988	10	1827
968	11	973
991	6	2184
38	11	57
423	7	1031
2145	10	1628
1831	6	946
316	1	306
781	6	1441
1856	2	1826
2321	4	2329
2191	7	1662
2077	1	1359
2036	1	1020
954	5	96
2025	3	2034
2104	2	2098
1516	8	1505
53	5	1038
1034	6	1132
632	4	629
1922	11	2259
1488	7	1439
2372	6	2322
1707	9	1954
107	1	2043
830	10	826
224	0	222
352	0	354
911	9	905
219	4	778
2166	7	973
805	11	762
1821	8	1851
1447	1	1499
688	10	684
1033	10	1035
871	11	862
923	8	922
948	10	1334
668	4	1194
51	10	58
2055	11	95
2076	8	2060
1975	6	1915
163	9	2095
1862	3	2075
2256	3	2238
45	9	681
1991	5	1973
916	10	1215
1292	6	1318
36	6	72
1502	7	1921
1748	3	1757
1782	6	1751
669	1	1298
92	11	1491
29	6	1424
2150	2	1094
1725	0	1306
1902	11	1901
972	6	313
1654	2	1653
751	7	1664
1842	7	1811
1913	7	2291
943	11	940
2188	9	1746
285	6	318
880	1	1443
2261	7	1239
127	2	134
2099	11	2209
95	1	2046
472	3	457
340	6	2022
1867	7	2071
999	5	1030
47	5	996
1828	2	681
2132	7	330
2112	7	814
866	3	972
1759	6	1722
312	7	971
742	5	289
1360	11	1359
297	4	701
706	0	708
1206	1	981
1897	10	1892
1189	6	1148
1665	10	1013
2041	7	1861
326	10	325
410	9	406
1403	4	1442
261	7	651
2030	1	2125
1935	10	1938
1479	4	2342
1411	5	1341
461	7	2401
1465	6	1398
1791	7	1348
1582	2	1580
761	5	1438
1946	6	517
2104	10	2101
1697	3	1067
2069	5	2091
1221	11	1225
165	7	360
1033	7	1001
786	5	235
332	9	1037
2294	9	2297
1263	8	1264
704	11	308
305	10	697
658	2	646
18	8	15
1127	6	2123
1619	6	1267
249	11	243
637	0	669
135	7	670
207	10	202
716	11	720
1834	9	1814
1750	5	1604
1051	4	988
2171	2	905
1927	9	1931
471	10	470
2238	10	2230
1637	10	1860
1030	10	1035
2138	3	1766
1102	10	1103
1239	11	1243
2074	3	2065
38	5	2163
2202	10	1875
1000	3	1101
1314	7	1415
1409	5	1344
1824	6	2032
904	3	902
1038	1	1666
311	6	315
129	6	2145
978	5	952
1397	10	1453
2102	6	1568
1150	10	1155
1328	7	488
163	11	123
1984	9	1986
728	10	708
1604	5	2139
204	9	1642
694	0	661
1236	6	144
53	5	1104
957	6	1700
718	9	219
46	10	60
2198	7	995
993	6	1020
2281	3	2282
2319	2	1923
2165	0	312
325	7	1637
1186	5	1151
1101	10	1233
137	6	687
91	11	98
494	6	2197
1598	4	1599
61	9	579
868	2	979
867	6	852
829	8	823
1634	11	2182
1095	1	1636
2310	0	2340
487	9	1352
295	5	135
989	9	990
2163	7	994
798	3	881
322	6	999
1361	10	1315
782	6	1439
1338	4	1344
1267	9	1617
2117	2	2116
1969	0	1987
57	5	998
91	5	1414
1678	9	1692
1446	8	585
1037	0	2124
1441	5	1488
1150	10	1158
1183	2	1168
787	5	817
307	11	294
1350	8	1405
1520	8	1535
1253	1	1620
1019	10	1017
1830	6	2184
993	6	1019
1150	6	1610
1830	6	1661
2083	11	1863
956	6	1700
1348	5	2077
1380	6	1375
1045	2	906
1385	4	282
817	5	735
474	2	466
2090	1	2065
1976	0	1974
1307	10	1305
1105	6	1118
2050	5	91
1189	2	966
483	11	503
294	5	317
1381	3	1376
1269	7	2332
357	5	1925
1636	7	140
658	6	672
463	6	479
140	6	2210
1410	2	1413
2174	11	2188
482	11	485
1147	0	1158
1176	8	1191
2186	9	2190
1610	7	1150
1148	0	1212
361	5	163
2212	6	1897
1434	1	1706
2132	7	1032
1488	10	1482
955	5	973
1660	5	2199
1050	5	1001
323	5	1848
215	6	182
1203	8	1219
1398	11	1451
974	10	969
1281	1	1575
1242	4	1534
1361	6	1349
2371	2	1630
1445	7	1397
1959	6	1921
953	5	974
952	5	969
1266	5	2303
1360	11	1352
1972	1	523
2168	5	321
242	3	226
1449	10	1443
802	7	844
1264	5	205
121	10	118
1929	11	1938
2124	7	1658
1558	2	1557
1639	7	1607
2332	1	1215
2192	6	1153
649	1	658
2282	2	1985
874	2	760
1817	1	1811
716	11	718
1316	7	1292
1442	7	1467
1812	0	1843
970	5	2175
2043	5	89
337	11	338
1049	2	1053
53	5	1110
1355	0	1349
1502	7	1916
1357	7	1329
2050	11	2048
1606	10	2137
1347	11	1359
147	10	148
1418	0	882
200	3	206
1465	6	1436
967	9	1496
1342	7	1411
2186	11	2187
973	11	2164
1395	1	2055
49	10	48
2072	1	2066
721	0	713
792	5	2363
31	0	993
294	11	303
1229	11	2259
1435	5	1338
118	7	359
2101	1	2110
2340	1	1620
896	1	1314
468	7	2405
2047	7	1577
1232	0	1539
56	8	17
1633	8	1635
1993	0	655
848	7	806
480	5	476
1232	0	1543
1829	6	945
1603	2	1554
33	0	1424
2008	2	2010
1241	11	1539
219	4	713
1288	0	1290
894	4	895
2214	11	612
300	1	972
413	7	1029
1281	1	2045
876	2	878
1181	1	337
982	6	1667
1455	7	1468
878	10	890
978	5	966
1050	0	2199
2230	8	2254
2313	8	1921
1577	7	2099
1810	7	1314
89	1	2024
2125	6	2030
2004	10	2000
1603	7	1017
1810	10	2373
1686	0	1684
2101	5	1568
955	9	950
1261	2	1228
999	5	1034
1206	11	1199
152	8	178
1395	1	91
1400	3	1402
1313	3	2038
1103	10	1105
2127	7	1156
2158	5	1619
405	6	409
1401	0	1434
235	4	231
332	1	1127
975	5	300
2194	7	995
776	2	775
1562	0	1809
2115	8	2116
801	2	978
1189	10	868
883	0	1394
2075	6	811
1557	5	1838
324	6	325
116	2	80
1416	6	1456
2383	1	2329
1031	7	396
2044	3	2209
607	4	668
2039	4	1793
927	11	929
969	6	422
1487	1	1504
1216	1	968
611	5	1516
2166	6	318
991	4	1667
968	11	971
1199	10	1227
2026	1	2123
1636	6	327
1354	6	921
1073	5	1085
2287	10	719
2198	6	609
1743	7	1079
1986	4	1984
1948	6	1956
567	10	1712
761	5	1439
2355	3	2356
38	11	47
729	6	697
29	2	39
952	9	950
184	2	154
938	9	947
1096	2	1095
1823	6	2214
1913	6	2299
1253	5	2294
1399	10	1430
958	10	957
671	2	139
1354	10	1314
854	2	852
476	7	459
561	6	521
2058	10	2069
641	6	669
1099	3	1144
540	10	572
2172	11	1194
2314	9	2013
1081	9	1079
2214	9	2195
1080	8	1094
731	11	724
982	6	2184
198	2	1430
1044	0	1683
1260	7	2365
551	11	1169
2105	6	1250
1103	6	1590
2209	10	2103
1111	9	47
57	5	2157
426	2	340
1793	0	2053
818	1	761
1682	8	1681
44	10	60
1720	10	567
536	5	700
1245	6	2095
301	11	701
2346	3	1354
2182	1	2125
2350	10	2348
325	7	324
1153	9	1147
1941	7	425
171	2	170
1860	11	1638
2165	0	303
1283	5	2388
1479	6	1703
239	2	226
1153	1	1660
1506	10	1471
2349	8	1344
118	7	361
96	10	87
220	9	193
487	3	2078
1864	7	2071
2195	5	2028
43	6	2156
282	2	1385
2324	2	2326
140	6	2095
2106	4	344
637	11	641
1025	4	1024
2191	6	1156
2319	7	1473
2183	1	1550
2312	10	2008
2058	7	1593
1188	3	1202
1179	1	1637
1504	1	1916
1424	8	888
1447	5	1409
2158	3	2161
332	5	1647
994	0	1019
994	5	1038
484	8	488
131	2	1130
36	8	61
896	3	895
1469	6	601
2218	8	1100
1451	10	1436
716	5	743
1676	6	2151
315	11	316
1245	10	357
536	5	704
305	7	536
1049	10	2193
1640	9	369
1341	10	1360
1103	2	38
1601	7	1017
304	11	305
225	5	709
1331	7	1344
2095	10	361
1179	1	2202
864	10	859
671	10	2301
1225	11	1206
2336	7	1354
1621	8	2310
880	11	879
1147	5	2198
237	7	226
2208	3	2207
260	1	1158
26	8	27
501	9	486
448	0	485
2131	1	1035
359	7	322
1439	5	1488
1602	10	2136
1643	1	1228
130	10	133
1110	1	994
422	7	2164
2199	1	322
2191	6	2201
1634	1	332
1585	7	1107
1403	4	1447
1185	4	1184
518	6	2316
296	2	291
1290	0	1269
1325	10	1323
2024	6	100
1442	10	1444
1647	5	1087
1199	10	1221
1795	3	1272
1844	2	1840
2096	7	814
139	7	1620
1998	11	1996
1704	6	1338
2249	8	2244
220	5	851
1732	11	1722
1246	7	2356
1264	11	160
771	6	2112
1571	2	1561
1157	0	1630
1067	8	1068
1559	10	1558
40	10	32
468	6	475
710	11	712
485	5	2187
117	10	92
1285	10	2047
529	4	2010
1414	5	2384
197	0	1644
2170	0	397
503	2	486
703	10	704
1278	7	686
1586	10	1591
487	1	1354
193	5	194
577	7	2194
432	8	430
1908	7	1866
1355	3	1318
61	1	201
1958	10	1954
2282	7	1982
703	7	731
1953	5	1921
643	5	672
450	1	2395
1396	11	1447
37	1	2395
2065	6	2072
1821	7	1827
2214	9	1856
248	0	1276
473	1	1101
849	8	789
90	6	1476
1558	7	1809
756	7	750
716	5	709
1124	9	47
107	1	2048
196	8	586
1156	1	57
1342	2	1317
229	4	237
372	0	373
853	6	2409
2337	7	1620
2146	1	2132
1430	7	68
1478	10	1482
1186	9	966
1982	9	1950
1815	6	1842
815	1	781
886	7	100
2077	1	1347
767	11	773
2222	4	1099
855	1	220
849	4	1478
2155	9	2262
527	7	525
1356	2	1317
346	4	347
1360	5	918
1342	10	1351
1781	2	1764
1306	6	31
154	8	187
1434	1	1502
773	10	767
1594	1	1571
353	10	354
1843	7	1808
46	10	32
1432	11	1487
785	5	806
732	9	845
2135	6	818
1245	6	1638
2111	11	2110
1080	4	2150
2147	9	140
2199	1	1245
1394	4	1464
1060	9	1063
60	11	44
1755	10	1780
806	10	815
2263	1	1925
1151	7	970
2334	4	2338
247	4	126
2075	6	819
441	2	446
1002	4	1014
2195	5	1058
1085	10	1080
1559	2	1521
576	7	2194
1916	11	1919
53	11	994
1438	5	976
1709	9	1445
726	8	783
53	5	1150
726	7	1485
758	0	787
536	5	299
227	5	241
1506	6	1451
1452	1	583
388	0	395
683	8	687
1128	9	1163
1973	7	505
1474	1	1465
490	5	2178
1722	6	565
1946	6	1975
1460	7	583
972	10	974
1395	9	883
2045	1	2105
2357	10	2362
2341	0	80
2193	6	1156
2300	4	497
1349	7	1361
997	7	1050
1044	9	1047
1451	10	1432
2329	5	2383
1571	10	1568
555	8	554
976	7	1449
2164	4	310
498	2	1958
2102	6	125
1453	11	1397
805	5	2096
1064	4	1694
1860	5	1190
1331	8	1115
360	9	353
969	10	970
1493	9	1507
781	7	551
239	2	242
539	3	526
299	1	724
217	4	218
1179	1	2201
731	5	704
2395	0	12
2183	5	1649
517	7	1948
505	6	1956
1310	3	747
397	6	409
1696	2	1697
2073	11	2072
1465	7	1916
1179	11	330
165	6	1642
1449	6	1482
1798	0	1303
370	8	354
674	8	1322
1049	6	1875
2317	3	1620
365	4	1003
1809	6	1817
1673	2	2054
358	11	362
1944	11	1991
1166	4	1139
405	7	911
1621	7	2157
814	7	842
343	2	233
819	5	736
2099	5	1568
519	2	1636
2166	4	371
2322	2	1629
2311	3	530
1233	5	1623
1251	1	2102
1470	8	1957
517	7	1978
1562	0	1815
982	2	985
2184	7	1662
199	5	1615
1228	7	1101
1645	3	1646
1103	10	1104
196	10	234
734	6	756
1295	7	1326
281	9	279
2004	4	2005
918	1	1347
1929	9	425
2371	6	2403
2202	6	2127
1158	1	1049
1982	11	1978
2311	9	2010
819	5	731
1356	6	921
769	4	775
1034	7	1000
1341	4	918
1245	6	998
1442	10	1455
1617	4	1253
1585	7	1109
1351	6	1791
2030	9	2028
712	10	710
952	11	956
371	7	310
2380	6	757
1524	7	1521
1588	2	1545
2328	0	2331
57	11	38
2031	2	2124
1637	7	1853
1568	5	2047
2128	7	357
2268	9	121
751	10	753
1572	3	1567
1036	7	2191
1474	1	1471
975	5	306
1173	6	309
705	7	781
994	11	58
998	1	140
209	11	1617
1420	4	882
229	2	232
801	7	844
1124	11	1126
2132	4	1334
1148	0	1199
1156	5	261
288	5	2179
1049	7	1827
2244	1	2235
844	6	812
1092	11	2075
730	1	817
2055	1	2048
385	1	375
910	2	1688
1096	7	1190
1101	6	1922
289	10	831
1591	10	1590
1915	10	2278
2048	1	132
2052	3	1577
1326	7	487
1473	6	2319
2214	1	1819
1555	4	1556
2105	7	2110
2329	0	2369
1856	4	606
669	1	643
413	7	396
47	11	993
1359	11	1356
329	7	1636
1969	9	1623
2123	0	1079
2259	7	1239
2175	7	968
2104	6	1563
252	9	1296
2009	2	2011
1380	2	1358
951	6	1700
2079	0	1928
2119	4	2122
884	3	890
1664	5	833
1809	2	1562
130	6	127
481	0	474
1963	4	1911
252	5	2163
1391	8	1390
676	4	649
1639	2	328
57	9	34
550	5	785
208	3	210
1127	6	1119
2397	0	2394
2164	2	967
1737	3	1745
2409	1	889
735	1	811
2217	3	1085
995	5	1243
1086	1	1818
119	9	128
2051	10	2019
524	2	740
1980	8	1976
848	7	817
1563	10	1575
2166	10	303
1092	5	2363
2129	0	1573
1267	5	2290
829	10	827
2098	0	2101
1761	11	1762
1354	6	896
875	7	759
606	7	602
1085	8	2217
1007	4	333
1345	3	1361
1156	1	2193
415	2	405
229	8	225
700	1	538
2198	10	2199
2124	2	1037
1110	5	1593
1197	11	1198
1473	4	1403
2403	5	2394
2194	6	1069
1000	1	1050
1746	7	459
1665	7	1662
1347	11	1356
1386	9	568
2067	2	2057
2102	6	2045
1660	9	1054
1885	11	1887
1925	5	2259
1754	0	1751
1483	7	349
2194	6	1877
1280	10	853
573	0	590
2236	8	2235
1283	1	784
1613	1	326
2338	9	2334
831	7	741
1327	11	1329
91	9	2040
1439	1	781
1436	5	1415
1750	11	1554
2019	4	2018
1000	9	995
1809	6	1837
1237	7	1543
2197	9	1746
107	1	2041
2101	1	2111
2069	11	2058
2156	11	2157
684	10	687
2145	2	1631
2166	10	306
47	5	1018
651	2	657
1013	7	1662
1668	2	2356
2336	7	1351
620	8	597
867	2	869
73	10	74
901	4	431
476	7	457
1487	11	1398
2199	5	1877
520	4	518
616	9	109
115	2	1467
855	11	853
111	8	2027
253	1	1270
1504	1	1921
792	0	811
2394	4	440
2396	3	2399
2396	9	2203
1371	4	1723
2382	4	1377
997	4	1030
992	0	1665
2201	7	2192
1036	7	322
1147	5	1881
957	6	1201
2403	1	2145
1834	1	1344
955	5	969
973	1	956
220	0	235
1094	9	1146
182	11	188
1775	0	1764
393	11	389
2372	4	2405
1741	8	1731
1957	1	819
1866	7	2127
609	7	1823
1798	5	126
1824	2	1825
1490	9	1492
1812	11	1815
1455	10	1434
2318	3	1619
2028	11	1877
1953	11	1958
331	7	1638
1923	6	1468
831	7	709
2057	0	2069
1809	6	1842
1637	6	2182
204	9	1643
713	6	739
317	10	318
1471	5	1474
2372	2	1631
1708	2	2306
1961	9	998
920	0	1047
840	2	838
431	4	900
2159	7	2371
592	9	582
1610	4	213
2408	0	2403
660	0	1378
1690	8	1689
2193	6	602
1344	11	1352
1956	5	2278
2303	10	2302
303	10	2175
1323	10	1328
2006	11	2014
672	10	649
1099	3	1145
431	2	903
1851	3	1821
1453	9	1400
1837	2	1808
327	7	2128
40	2	54
1104	1	43
672	7	659
361	5	165
1102	6	1585
1055	1	1124
2245	8	2246
1581	4	1582
1700	10	901
994	3	1016
733	1	818
400	4	401
670	3	1065
988	6	2191
1093	9	1081
2270	8	2267
1409	1	1396
498	7	1959
1499	2	1472
1	2	3
303	7	973
1875	11	2207
378	2	377
1681	3	1682
728	6	700
634	4	622
2391	5	22
684	10	688
1122	7	994
1111	11	1122
1620	7	2158
972	10	975
1034	8	1095
715	10	719
2046	11	2050
1706	6	1487
294	11	300
470	6	1746
478	7	471
945	10	944
31	0	38
1342	6	1331
2182	1	1638
1532	2	1524
897	4	1814
921	7	1351
1577	7	2103
2211	2	2193
58	6	924
782	6	870
288	11	307
494	6	2186
1411	1	1704
2207	2	2184
98	10	89
245	0	2107
147	10	150
13	9	8
2278	6	1954
1518	3	1517
29	10	28
991	6	1049
908	0	909
2277	4	2289
2303	2	2305
1848	7	323
649	1	643
1356	6	918
131	7	921
1575	6	1281
387	7	371
1331	7	1360
1979	5	1975
1620	6	1265
518	7	1948
1212	11	1209
1079	7	1636
42	4	28
704	1	724
1115	9	2049
913	2	911
1959	6	1916
1791	10	1810
2211	7	1660
1243	4	1922
1610	4	1639
1401	0	1442
1251	1	2103
490	9	449
1877	7	2199
241	11	238
953	11	952
2394	10	2395
2110	6	2099
1521	6	1524
1131	4	1112
139	6	2292
1887	7	1049
2110	6	2101
1373	3	1425
1587	6	2071
1307	8	1302
867	6	885
670	11	649
2096	4	2104
1361	6	1346
2271	4	1625
1451	6	1338
1662	10	982
2391	1	2406
958	6	244
785	5	705
1365	2	1366
1122	10	1126
651	7	637
2074	1	1150
646	8	645
1126	5	1056
2036	3	1530
1769	7	1797
1353	10	1350
154	10	156
303	10	312
564	3	1383
2134	2	2133
2137	11	1606
120	11	127
2100	6	2045
2344	4	80
1011	7	2045
1000	1	322
2199	1	2192
2185	11	2188
764	11	767
1618	10	2322
300	11	294
290	6	1298
1631	5	2119
85	4	82
325	7	1104
2121	10	1657
371	10	2170
2309	7	1473
1243	7	1050
1462	9	1394
1101	10	1243
2294	1	139
2064	2	1855
952	0	2114
271	10	238
2238	10	1070
1311	7	1274
1861	6	2050
826	10	830
685	3	690
1923	6	1465
1435	9	1403
1504	5	1434
2228	2	2236
165	10	123
758	0	781
817	9	792
1175	2	1177
1830	6	1858
1571	7	2104
1550	2	323
101	7	2048
1599	4	1600
1107	5	1117
2195	5	1055
1250	5	1272
821	11	817
2283	1	1979
1276	7	1251
2030	5	1540
1565	10	125
978	9	976
2240	9	1006
1609	11	261
1192	10	433
1549	5	1337
1038	0	1057
261	10	1607
1954	5	498
1181	1	1094
1272	7	1251
1827	4	1858
2077	1	1354
326	6	1639
606	7	1036
817	1	2075
1398	1	1706
1209	11	1227
359	7	354
512	1	715
1455	6	1409
1052	1	2104
1458	10	1397
736	10	750
1658	6	2125
1012	10	1105
837	9	841
1326	10	1328
662	1	672
1551	2	1521
95	11	91
2101	0	1250
1351	4	136
1456	7	578
2183	1	2124
2401	1	2371
162	8	159
1637	10	1638
4	2	15
1136	10	1141
1343	2	1345
954	5	42
1525	3	1524
1198	11	290
108	8	105
2090	9	2086
764	11	802
500	11	483
738	10	777
444	3	442
1956	1	505
2198	6	604
533	3	532
300	11	285
1621	7	1618
672	10	670
2184	4	2201
762	5	2110
2013	10	2282
1173	6	301
266	0	267
1483	8	639
518	10	517
1095	1	2201
736	10	734
1562	5	1865
30	11	36
782	6	1441
839	0	831
1343	10	1340
1416	6	1460
1834	1	1342
1391	4	1167
779	4	705
1657	8	1659
205	7	1613
2273	4	2276
47	5	1110
20	1	2394
996	7	47
762	1	949
1479	7	1502
1403	4	1398
35	2	2219
1988	5	1973
1301	2	341
1658	7	1662
2405	7	2371
1729	7	1722
2192	6	1155
2152	4	2153
1651	7	1647
1220	4	424
983	9	986
1845	4	2129
2282	7	1978
1414	11	1394
2210	0	1890
1950	2	526
62	11	883
1032	5	1073
1394	7	2055
1831	2	1810
124	6	162
1179	11	1190
33	11	35
1921	1	1954
1506	6	1444
1223	6	2360
1719	5	1729
1558	7	1520
1109	5	1611
1404	4	1428
716	5	747
2364	10	2357
521	0	2010
1225	9	1148
957	10	956
2112	6	2103
1193	8	1205
238	1	227
1019	6	1779
2183	1	1636
1906	1	1864
188	10	181
125	1	2105
582	11	201
1	7	22
1587	6	118
580	5	1452
1585	10	1586
1432	9	1403
1255	10	1254
1753	3	1749
968	5	1151
1947	6	1972
1141	3	1142
289	10	832
304	11	301
1032	9	997
945	10	946
949	6	2109
1637	10	2210
704	1	1173
1954	11	1959
2179	9	2177
482	1	480
316	9	314
54	4	46
2102	10	2103
1014	11	252
1660	11	2191
2212	7	1053
2153	1	58
693	10	137
2227	10	2224
940	1	954
2071	5	2087
1352	10	1341
329	7	1109
77	8	60
154	7	1641
1118	2	1111
1254	2	250
2408	0	2405
954	3	939
1395	11	1414
2194	6	612
2311	1	517
1414	1	2055
2294	11	2292
1127	6	1632
976	7	875
1962	1	2278
1245	10	322
1777	5	1751
1154	0	1362
1352	8	1389
1078	1	1071
629	7	597
1032	5	1096
2194	7	1661
301	1	536
1991	11	1944
140	6	1036
1885	1	2184
951	6	1187
1813	9	1106
1948	6	517
60	9	54
1101	10	1239
1716	0	1709
729	6	305
1722	10	1731
2048	5	101
1000	5	1032
703	7	536
1421	4	2379
288	11	285
1267	1	1619
1554	10	1750
185	10	146
957	6	971
457	6	476
1979	11	1947
361	11	358
1721	4	1717
489	0	483
1614	1	2137
1054	5	1013
2235	9	2234
507	2	504
57	5	1124
2043	11	2040
2218	4	2217
219	4	718
450	11	436
5	9	22
1623	1	1239
1615	11	1616
252	0	253
952	5	968
1550	10	2210
1130	1	1354
2191	6	1158
1124	5	1056
988	10	1053
308	7	525
416	1	1029
153	2	127
1338	2	2162
930	4	1062
2169	1	307
1624	7	2149
286	4	316
1050	5	142
2309	2	619
1411	5	1354
1229	1	1101
94	2	97
323	5	1897
1969	5	1996
1079	7	2124
1316	6	1340
51	10	47
138	0	1266
957	6	2164
449	4	485
1245	2	320
1001	7	140
2069	5	2087
733	9	705
2158	9	2155
1399	7	68
1860	5	1095
55	10	0
1161	8	1159
1574	8	1800
1419	11	1394
2179	1	286
261	2	1153
952	5	1700
1426	8	888
1443	10	874
1611	7	324
1948	6	1172
1680	4	923
970	11	2164
2111	1	808
1441	1	779
2370	11	2409
2061	11	1857
152	10	147
373	10	375
1578	3	800
730	5	305
48	1	12
2201	7	2191
911	9	908
43	2	34
1955	11	1943
924	10	929
2109	10	773
797	9	881
954	1	1791
853	7	220
89	1	2046
512	9	1914
1351	7	1409
2173	6	1301
1012	4	1586
1631	0	2372
1262	1	1922
1869	9	1868
965	5	2114
1035	6	1096
31	0	53
1637	7	1050
1422	3	1371
101	10	2055
793	2	513
1127	10	1126
2160	9	998
1323	8	677
2028	1	1036
2157	7	51
1119	10	1117
1619	10	1621
311	7	975
1557	1	2074
40	8	71
2144	10	2148
1662	2	984
1058	1	2194
911	1	990
1167	1	2217
1139	2	1166
1165	4	533
328	5	199
1034	10	1030
1104	5	328
76	3	44
473	11	1623
844	7	879
267	2	168
1799	2	1801
1867	10	2081
1602	7	1750
1088	0	1086
975	1	965
1671	4	1513
2105	6	1577
1356	7	1411
91	5	1419
1982	5	1172
799	10	796
637	3	676
1777	1	485
78	0	92
1586	10	1585
736	7	817
2359	1	2329
460	0	471
2368	3	2387
262	2	256
2128	2	323
1122	7	993
1867	7	2058
1441	9	788
1467	6	411
1103	6	325
1348	9	1317
450	11	451
7	10	2215
2040	10	2048
1081	11	1080
743	7	225
599	10	598
2075	4	1818
1155	1	2184
1837	7	1809
1596	9	1595
1946	6	2282
120	5	153
1860	5	1890
1602	2	1018
738	6	851
1154	9	1152
1585	4	2065
2199	5	1069
690	8	685
100	1	2024
599	7	988
2182	5	1080
1688	10	899
1356	6	487
38	5	1150
2167	2	2164
1643	3	1642
1983	1	1624
1944	9	1949
1995	4	1997
978	11	949
1746	2	449
2353	7	1395
299	11	700
2189	10	2185
1359	11	1352
872	2	760
1889	3	2193
1467	6	1474
1374	10	1375
359	6	165
291	7	831
676	2	341
2198	7	322
2067	6	2085
314	0	316
152	2	123
1225	11	1199
124	6	153
2270	7	123
971	7	965
1314	10	1347
132	5	2042
975	5	313
295	0	296
1979	5	1956
1634	5	1085
2259	6	1259
1585	8	2057
1414	5	1460
2241	2	2245
45	1	1834
1379	5	1374
952	11	951
1476	7	1414
2102	2	2096
2028	1	2195
322	4	1636
1594	1	1798
1895	0	1877
1568	5	1053
1119	7	1038
1900	7	2332
1243	6	473
1587	10	1591
1467	6	1434
1451	7	1499
929	7	993
2316	7	2283
125	5	1011
1455	6	1338
1265	11	1267
785	1	1169
1328	10	1322
2095	4	165
1101	6	2263
2325	3	2321
1267	5	2288
1221	1	981
1871	10	1894
1117	7	1105
1107	11	1102
736	7	818
78	0	117
496	0	510
1686	11	1677
324	4	331
952	5	2164
1831	6	943
847	0	732
534	7	548
720	2	721
423	7	1035
2083	1	1562
1459	7	1395
2069	5	1865
1079	7	1637
294	5	371
1504	5	1436
1545	0	1590
1740	3	1662
1961	11	2160
773	6	2112
1666	6	1126
325	6	1613
289	8	287
1223	6	560
1022	9	1024
1831	6	960
2279	1	121
1810	7	1348
1442	10	1447
1354	10	1352
280	0	281
1436	11	1434
1094	11	336
1072	11	1074
901	2	1129
1187	1	965
2312	7	517
1150	6	1562
806	6	707
55	4	42
900	2	433
23	3	2248
1338	7	1398
214	0	216
1172	10	1973
521	9	511
787	5	820
1107	9	1011
1619	6	2337
1719	9	546
697	7	730
1631	0	2145
2065	6	2088
2274	3	1261
2210	5	1611
2311	11	2316
227	5	271
1737	0	1759
1641	5	2268
707	10	708
1395	1	62
303	6	2170
31	1	306
812	9	863
146	10	182
488	5	1326
226	10	228
1905	7	1864
58	6	997
1267	11	1253
2040	6	107
2372	4	2401
1470	10	633
2100	6	246
123	7	1586
1187	1	958
1215	10	916
1124	1	43
1409	1	1431
508	6	1972
1146	9	1010
340	7	1035
12	5	5
460	0	470
2194	7	357
381	2	394
48	1	14
1254	7	1271
1831	7	1834
1860	1	995
2162	0	1409
473	1	1236
612	2	1856
2174	9	1746
1467	6	1483
1356	7	1415
1197	5	31
1782	2	1784
121	7	362
595	10	594
1419	11	1414
118	7	1591
1343	7	1315
728	6	697
1636	10	2128
1720	6	565
1018	11	1019
536	5	308
1971	0	1980
1468	5	116
1973	10	1975
1468	3	652
944	7	1829
2380	7	67
2166	6	316
2192	2	1053
2123	9	1037
835	7	1092
1661	6	1881
1464	1	88
1435	1	1467
487	1	1348
5	9	9
1074	9	666
613	3	595
764	9	978
1543	5	1237
163	1	362
1637	6	519
188	2	153
153	4	185
2048	1	1861
2395	1	2400
1401	0	1398
1271	6	1255
1752	0	1760
41	3	2394
1485	5	1704
140	6	999
856	11	855
1975	7	508
849	4	1484
1543	9	1512
290	10	1306
1146	0	338
644	4	2389
1155	1	47
673	11	671
167	3	164
1253	9	138
706	9	1477
1641	1	1586
1429	4	2366
51	6	2157
284	1	905
919	11	918
1877	2	1895
583	5	1462
454	7	439
136	4	2032
1280	10	851
1017	7	1657
818	1	781
1315	1	1292
1463	5	582
1036	4	1069
602	7	2193
998	11	997
2361	1	2329
974	7	952
20	11	22
604	10	614
2102	6	1571
1626	1	1968
140	6	602
433	9	1195
1127	6	1069
1096	7	330
1322	3	674
119	11	120
99	2	7
1438	9	760
984	4	1662
1983	11	1994
888	11	1416
2175	10	286
311	10	303
1056	11	1058
1396	11	411
1444	3	648
1927	3	1924
1807	4	1815
279	8	280
1783	0	1797
1334	1	1096
1147	5	602
95	1	2043
777	5	855
972	10	973
969	7	956
700	1	536
1053	6	1822
2295	7	1253
2145	4	2149
1318	6	1343
729	6	299
1344	9	1338
505	7	1727
1437	11	1447
2043	3	104
201	8	581
1993	3	2313
1035	10	1032
144	4	1264
1019	7	58
2130	4	2160
1586	10	1593
299	1	729
405	10	1029
494	6	1777
818	5	730
508	6	1975
850	9	824
1636	6	1190
1736	3	1260
740	4	524
1709	11	1711
1459	2	1423
1828	10	45
1156	11	1150
767	11	814
1291	3	1846
1050	3	1049
1636	6	2183
1662	6	1049
2373	7	1344
836	7	794
1487	1	1502
310	5	2170
819	5	735
324	7	1821
2230	10	2226
2223	5	453
1212	11	1207
1850	1	1348
1243	4	2259
1319	9	1331
1870	0	1894
2024	7	1861
1958	6	1707
2214	1	1036
637	0	670
599	7	1827
1011	4	1102
2065	4	1864
38	0	1102
2163	7	252
1127	7	43
440	9	2394
299	11	304
1019	6	2136
1810	6	1861
1095	1	2207
225	5	1664
1085	6	2150
1989	10	1994
1110	5	329
1224	11	1569
844	6	2109
779	6	1439
717	10	714
1237	2	1242
1348	11	1347
189	8	191
849	4	880
2352	11	2354
863	4	774
976	10	880
397	10	1029
1103	6	1119
1030	7	998
2207	7	1049
1986	8	1990
126	1	1571
1009	4	1146
784	5	857
1819	10	1856
2405	10	2400
1867	6	1901
1978	10	1988
1980	4	511
1079	7	324
1224	9	2126
2010	1	523
569	0	1710
406	0	410
667	10	672
2322	7	2145
2065	10	2069
1464	9	1394
2104	6	246
714	2	661
1199	2	1148
1864	10	2083
2407	8	1283
125	1	2103
2294	11	2295
1072	1	1304
1444	1	1506
1351	10	1360
1080	10	1081
228	5	237
785	1	553
773	7	842
821	5	728
1073	3	1076
1358	4	1384
792	11	2075
820	7	785
1865	11	2081
1569	6	1668
2231	5	452
360	1	322
350	8	502
307	5	31
359	6	121
1316	10	1315
670	1	658
512	1	714
1008	9	1044
2136	7	1019
1812	1	2074
2190	0	2174
1554	4	1603
1875	1	2193
2394	7	2403
708	11	724
1827	6	1661
1344	5	1791
1779	5	1606
2173	10	1306
1651	7	2182
1038	11	1126
1919	9	1928
1345	0	1388
689	3	693
1575	6	1285
697	10	301
465	7	2406
1698	4	1485
971	6	312
2339	7	1351
626	4	621
2048	11	2050
956	10	952
2231	11	2230
1660	5	1036
1823	6	614
140	6	359
436	7	2394
1245	6	1550
1962	5	1707
1143	2	1133
371	7	285
2194	6	2028
258	4	653
1896	2	1851
562	8	575
389	10	395
1619	6	1643
2123	11	332
300	3	302
43	6	1038
715	6	512
1871	2	1870
2067	6	2072
1411	1	1487
1962	11	1959
712	6	663
700	1	730
1568	1	2105
658	10	641
2162	0	1411
994	5	999
809	4	1213
593	11	595
1285	7	1251
1135	2	1136
2100	6	1250
1467	10	1499
1666	6	1124
809	4	1210
1022	9	1023
1151	4	1212
1609	1	651
2409	1	1280
2041	10	2043
857	6	295
2158	0	1671
1842	7	1809
1539	10	1543
84	0	82
1858	6	609
1694	9	1064
1281	1	1571
994	5	1122
972	7	965
2373	6	954
2224	3	2251
811	7	760
2048	3	103
1474	9	1485
258	6	670
1901	7	1866
2069	1	1588
1484	7	1449
669	1	258
165	6	2269
1326	10	1325
888	5	2368
143	0	144
1594	5	1109
1456	7	1414
139	6	2304
294	11	306
1342	6	488
124	10	119
2159	4	209
1389	0	488
973	11	971
306	7	971
317	10	315
58	6	1020
1616	7	199
2000	4	1999
297	4	703
942	3	964
61	3	610
609	2	1856
1451	10	411
2139	10	2137
1252	7	1276
2125	7	319
2041	10	2046
473	9	2145
1073	1	1032
1284	8	1282
34	4	51
1916	1	1958
2400	10	2406
2175	10	294
2193	4	1885
223	1	226
1664	9	720
872	7	759
816	2	810
1619	7	1618
443	10	441
2207	10	2201
533	5	1189
792	0	820
1155	1	57
2314	1	2283
2373	7	1354
2242	3	2241
2196	8	2187
1005	3	1004
471	2	460
307	9	2164
2392	7	540
863	10	844
2066	7	1587
714	10	712
1124	5	2124
93	10	62
1414	5	1476
518	6	2311
546	4	1715
1928	0	1919
2149	1	1233
2177	1	2164
249	3	240
1435	11	411
89	1	2050
2360	8	2358
2322	7	2372
960	11	943
1465	6	1483
1638	9	323
773	2	863
786	9	219
458	9	461
1837	10	1817
1259	7	2261
706	0	728
570	11	556
785	5	817
2029	7	2040
140	8	141
1722	6	1729
975	5	2166
1467	10	1471
2033	0	2043
2307	7	1916
1607	9	1153
602	6	1877
2347	4	2362
272	9	270
1304	6	670
688	7	137
2199	1	2193
133	5	119
2055	5	1419
694	3	696
1638	11	1550
72	7	40
327	2	1550
940	11	941
1462	1	1369
2071	1	1593
1898	0	1902
2339	7	1360
784	5	851
1359	5	136
345	7	307
2036	3	1528
1122	6	2124
1248	6	916
1045	8	1046
1917	3	1918
2152	8	53
463	10	466
1734	1	1378
1773	9	1835
639	3	351
2074	0	2083
896	9	1352
1633	7	1124
2163	10	1015
160	1	1620
1583	2	402
831	6	291
1395	9	882
1968	9	1622
468	10	465
1241	9	1512
1352	6	2077
999	1	357
1452	11	1461
536	3	535
1959	6	2299
1354	6	2336
1762	7	1079
1669	10	1674
377	0	379
1772	2	1774
2060	3	2082
286	10	294
2226	10	2231
2121	2	982
2283	5	2311
1467	7	1923
373	10	376
1499	6	1444
2013	7	1982
616	5	1818
955	5	1700
1807	4	1812
1617	4	1266
2226	4	452
487	5	1319
1873	4	2177
998	1	53
1591	8	2094
1934	4	1919
425	6	1955
1570	2	2126
396	4	407
2239	10	2243
2298	10	2284
970	11	974
1588	7	1103
1439	11	789
2101	11	2100
1120	8	1970
752	0	1705
997	4	1034
606	2	1856
713	6	746
785	5	874
1607	0	1521
1203	7	433
2191	6	1155
244	6	2115
2368	0	1510
2112	10	2110
1932	3	1936
767	11	774
385	9	377
342	8	2056
1923	8	618
1053	6	1819
1860	11	1550
1103	7	993
1347	5	1331
1727	5	521
1316	6	1388
31	1	2166
427	4	1943
2215	3	2220
359	6	163
1467	7	1919
1102	10	1107
1050	0	1036
2	9	3
2118	2	2117
926	7	994
950	0	955
1471	5	115
2400	10	2403
93	7	2043
1998	9	1968
1442	7	1506
990	11	2141
1471	5	116
1299	0	1428
1487	11	1444
2348	5	2357
811	7	761
1647	1	2210
298	11	731
1443	2	788
1439	1	779
1076	8	1073
1298	5	672
2124	6	2026
108	2	110
1254	2	222
1732	9	569
59	9	206
1308	0	1289
1184	9	1185
1861	6	2041
1312	10	1322
337	11	336
761	11	787
471	6	482
2156	0	1617
288	1	972
787	11	759
1502	6	411
2350	8	2367
2077	1	1348
1270	11	250
693	7	2323
1331	2	1389
57	5	1158
1633	7	1111
298	0	702
1436	5	1338
1030	7	405
2280	1	163
1418	3	1420
349	4	723
290	6	1304
1991	11	1978
286	10	310
290	10	1198
806	6	848
2191	6	1875
1950	4	1982
1988	11	1944
1239	5	1922
1271	6	253
624	2	626
570	11	572
1948	10	1991
1788	8	1750
1360	5	919
1926	0	1937
1991	5	1172
886	7	95
1881	1	1660
1719	11	1731
1095	1	1550
1278	2	691
962	8	960
1158	3	1519
361	1	355
2211	7	2191
2118	10	1631
58	6	999
1506	6	1431
828	11	830
228	11	227
2295	10	2294
358	1	354
805	11	773
921	7	1348
1747	3	1755
300	11	286
53	5	1156
1999	7	2004
80	1	744
2040	8	2053
1201	11	1189
1901	2	1898
760	1	550
578	6	1452
2357	2	2331
1550	6	510
2028	1	2199
602	7	995
949	4	958
1209	1	981
779	4	820
485	5	493
1147	0	1153
655	8	2338
1437	11	1435
344	9	2106
246	7	2099
735	1	820
453	1	2230
51	6	998
38	11	53
1529	10	1226
2160	5	1964
865	0	1522
153	4	182
160	5	145
1411	5	1351
640	9	1428
179	10	184
1577	6	1281
1156	11	1153
1323	2	1330
693	10	695
1570	10	2356
853	7	784
325	2	1107
1746	7	471
1857	10	2062
124	10	127
1763	2	1745
813	8	1742
2169	5	376
2395	3	24
12	11	22
1434	11	1432
870	10	1449
2026	11	2025
1122	8	1155
634	10	601
1105	6	1611
720	4	742
2024	8	2027
509	0	523
2095	4	121
1483	2	1485
872	6	1488
1264	9	144
1652	8	1647
142	6	2261
1633	7	1126
1344	5	1824
1179	1	2207
1186	1	952
95	1	2042
1198	5	1699
1776	2	1792
2134	7	2132
732	3	705
1130	1	1348
511	4	1981
1027	4	1021
2305	4	2302
1900	2	1291
1016	6	332
2329	0	2354
1584	7	403
1823	6	609
1419	5	1459
126	1	1798
994	5	1103
782	10	759
32	11	40
1909	4	1882
2083	5	1894
1551	7	1520
139	2	138
724	6	703
1137	0	671
679	0	1448
1731	9	569
1431	11	1434
301	9	298
701	11	702
1348	11	1342
188	7	215
418	4	435
1461	1	1395
1909	2	1907
2034	8	2025
1095	1	2210
879	10	1478
1349	10	1350
1142	4	1121
258	8	657
1810	7	1356
1995	4	1998
548	11	537
182	11	181
2282	7	1988
1109	5	1593
1187	11	1201
888	11	1419
1344	11	1347
708	1	817
327	7	1860
695	3	692
2130	8	998
1836	6	1839
148	5	179
943	11	941
248	5	1830
1127	10	1124
1111	5	1632
473	1	2372
540	2	2229
1293	3	1576
235	2	220
587	2	539
1614	9	1606
148	1	121
996	7	357
1865	11	2083
1085	2	1079
717	2	661
2175	10	303
1810	7	1347
872	10	874
357	1	900
1169	6	779
184	7	147
1155	1	993
1944	5	2282
1925	5	144
1002	8	1296
2077	9	1351
1991	5	517
1122	6	2123
702	10	304
706	0	724
760	11	787
1672	0	341
1409	5	1347
682	0	662
2083	1	2058
1295	7	1325
844	7	1478
318	7	306
1130	1	1344
1104	5	1585
1000	1	994
2139	7	1778
2304	2	2305
726	6	1411
248	11	1494
1292	6	1357
2331	0	2359
137	2	135
1054	5	2121
1642	2	1641
584	8	1979
868	6	981
391	10	389
1444	11	1398
1053	4	1660
820	6	731
1019	6	2036
255	0	1274
275	8	274
425	4	1935
550	5	781
592	1	201
1693	11	1694
1162	4	1165
1557	11	1811
47	0	1126
771	2	863
2325	0	2390
2213	8	2215
806	7	759
1939	0	1940
1143	2	1134
2158	1	994
2199	5	614
1694	9	1066
952	5	973
1504	5	1444
1354	6	918
792	0	815
277	9	276
1038	1	1665
80	0	116
588	3	196
972	6	1216
1634	1	2210
609	7	1822
722	2	726
69	0	67
246	7	2105
1600	2	1599
1500	4	1501
2368	0	1408
2164	7	957
1925	5	2323
982	8	983
705	10	820
343	8	288
2355	0	1669
67	8	66
2146	1	2131
385	11	378
602	6	606
2006	11	2012
684	7	137
321	9	431
1495	9	1879
1674	9	2356
37	9	2394
1787	9	1789
2373	7	1342
949	7	1482
565	4	561
1414	0	2366
2210	11	324
1306	4	676
2353	7	1416
995	1	900
1251	1	2209
953	5	1201
1948	6	1973
578	10	1369
1860	9	323
327	7	1109
1150	10	1156
518	2	520
167	0	169
1624	7	473
53	5	1111
1285	2	125
1821	6	1860
38	5	1155
165	10	118
2041	10	2048
1601	8	1785
1990	1	1499
308	7	731
1187	1	951
1015	1	252
2007	5	2021
1568	5	1303
384	9	383
2183	1	1637
1000	11	996
870	10	874
1805	8	1803
337	5	2150
2032	7	2077
57	5	1110
2127	4	1573
2180	4	2231
1000	5	1035
1506	6	1479
1140	2	160
2031	10	2030
872	6	976
2221	0	2217
821	0	1475
1651	2	1650
1618	6	1619
734	7	811
471	6	1746
706	3	705
2046	1	1861
246	4	1270
759	6	1440
477	7	465
332	5	2031
576	2	596
565	7	1720
209	5	139
1173	6	304
2136	10	1779
1577	6	1830
970	11	975
729	6	700
99	2	102
1281	11	2047
1910	7	2278
291	4	871
1169	6	787
512	1	712
1118	7	1038
1662	6	1667
38	11	43
2184	10	2192
711	0	739
1053	10	988
2091	1	2065
1054	0	1049
1117	7	1110
1031	7	1001
974	6	2167
2125	2	2121
1786	11	1787
599	6	627
1105	7	58
996	7	322
1624	2	1622
889	11	856
141	0	142
1497	4	248
2264	7	1979
1388	7	1316
966	0	1201
1384	4	1374
1519	8	1158
882	4	886
972	6	2175
2061	5	1854
147	7	1641
886	6	1425
445	3	2394
802	10	801
1338	4	1354
975	11	971
1125	9	1123
132	1	2077
653	7	637
1338	4	1314
2215	11	7
997	7	38
856	9	860
870	10	1441
971	6	1216
2157	10	2156
835	4	1086
72	2	76
332	5	1079
86	3	73
2174	11	2197
955	5	2114
2402	3	1854
1262	1	2263
978	5	953
316	1	2167
1611	7	1637
1905	2	1904
970	5	294
2372	8	2408
1964	8	1965
1636	8	506
2374	2	2325
1978	10	1982
680	3	1325
139	6	2290
330	10	331
781	10	787
617	10	656
295	1	889
10	10	11
207	7	199
173	0	183
1451	10	1437
1183	2	1169
523	7	1727
2184	8	2200
1018	5	2036
115	7	1499
1853	6	1860
1732	11	1710
2081	1	2066
707	7	819
1155	5	260
170	8	169
1594	1	1568
906	3	907
307	11	311
1406	2	203
1351	6	488
1058	11	1055
1506	10	1465
125	9	1561
1591	6	2067
1613	5	204
616	3	615
787	5	1443
1516	8	1508
1432	11	1398
578	6	1459
463	7	2405
228	5	239
941	11	943
1732	5	565
1837	7	1812
1624	6	1992
684	2	693
2199	5	609
2190	0	2187
2202	7	1661
2278	6	1910
118	6	147
2075	10	792
2162	0	1338
1416	6	2353
766	4	768
1147	1	982
1591	6	2069
2080	8	2079
2285	7	1265
1561	0	1575
789	5	603
1573	3	1806
870	10	789
1306	4	1301
2101	5	1052
2348	5	2361
1039	8	1040
204	1	199
711	0	709
2109	10	808
1488	6	863
556	10	540
1118	7	1107
360	9	357
944	10	945
1349	7	1316
1753	11	1750
1399	2	1406
91	5	886
1032	11	1030
2364	10	2361
25	4	569
1412	8	1413
1053	10	1827
264	4	265
1444	5	1409
1352	6	1824
389	10	391
155	0	215
1979	11	1946
234	11	2375
1190	5	2132
874	7	759
1550	6	2183
156	1	163
2373	6	1861
1791	6	1831
2131	1	1032
117	8	114
135	4	137
45	5	1418
1568	11	2045
828	11	826
1055	11	1056
1915	7	1975
1910	8	512
2105	6	1563
2278	2	1972
155	0	153
1638	1	140
2171	6	913
273	8	272
2033	0	2046
1505	0	1466
1021	2	1028
126	11	2047
1277	11	265
886	6	2368
1118	10	1119
505	6	1975
1177	4	1175
1973	7	1985
1425	2	1424
156	3	190
1434	11	1431
958	6	969
1245	6	1236
704	1	708
1349	10	1353
2107	2	245
1319	11	1323
667	7	1301
87	10	96
1944	5	518
538	5	308
231	9	235
1239	1	357
1443	7	781
1657	2	983
260	11	1609
410	9	396
604	10	606
699	0	712
1972	1	1948
1819	10	1823
975	11	974
1264	5	145
353	4	362
237	2	251
2247	0	2244
814	7	949
2124	10	2125
265	0	1287
1957	9	821
663	8	752
1966	9	1964
2268	9	158
540	6	2410
1750	5	1601
1660	1	1827
1840	4	1843
1483	6	2342
673	1	1267
2320	4	1472
839	0	832
1593	11	1588
2013	7	1948
482	11	494
47	5	1158
2181	0	2231
148	1	163
1582	2	1581
707	6	697
1236	6	1922
45	5	946
1416	2	882
1258	2	660
700	11	299
998	11	1000
835	7	616
1813	3	1794
2401	9	2408
1867	7	2127
1827	6	2193
1399	7	59
886	10	1416
1034	7	397
1607	1	1158
1746	4	1777
1273	6	1900
2043	5	95
2127	6	1811
1759	6	545
1638	5	519
1382	2	1387
1296	3	1002
673	1	1266
1815	2	1807
339	3	333
602	6	2214
1351	4	2077
849	4	1482
2301	9	1137
1849	2	348
1471	5	1447
2100	10	2209
294	11	288
2015	8	2007
724	6	299
971	7	966
831	10	832
888	1	93
536	5	701
1559	7	1812
1611	7	1104
1344	5	1810
1988	9	1949
2171	4	405
1356	10	1347
1027	8	1028
602	10	2198
1504	5	1432
2335	8	2340
1272	6	1255
609	7	602
1791	7	1354
2168	0	371
163	11	165
777	11	778
1637	6	1190
1664	11	747
1236	6	1623
2193	6	2202
1038	5	1117
1079	8	1071
2167	6	318
1201	11	868
844	6	774
1666	10	1013
1468	5	1990
2368	1	1394
469	8	467
1621	4	2337
664	2	682
2123	1	1127
1098	4	1790
1495	3	1497
1079	4	1081
1502	6	1444
229	6	271
324	6	329
2212	6	1636
1593	11	1587
2283	5	2312
1664	1	225
793	6	846
123	7	1588
2201	4	2074
2283	1	1991
2191	6	2194
871	9	824
806	2	779
742	1	716
164	4	168
833	10	832
1821	10	323
1568	1	2104
688	2	693
312	10	300
2204	0	638
58	10	43
2355	0	1674
1867	7	2069
940	3	963
250	10	1276
889	11	851
518	7	1988
1743	10	1762
1186	5	1148
58	6	1102
142	6	2263
153	8	151
857	6	2388
2128	7	140
1266	5	2301
2312	2	2013
2323	6	1968
345	7	300
1152	2	1149
1575	6	1594
1438	11	789
1947	10	1988
874	6	880
787	1	1169
2197	3	2206
2332	5	1900
993	6	1150
1153	5	2074
2194	10	2195
1875	1	1660
301	1	731
313	11	310
443	2	366
1250	1	1800
1094	11	1676
839	3	743
1972	11	1973
733	1	806
2050	5	101
970	5	1216
179	7	150
1255	7	1270
788	4	1438
303	4	345
2232	4	556
260	11	259
424	0	426
423	4	2022
121	6	150
973	5	303
975	1	955
1935	7	427
2174	11	2189
891	8	892
331	7	2128
1875	5	1562
1260	2	642
940	11	960
324	10	1637
2134	10	2140
842	6	801
150	9	123
1111	11	1038
736	10	735
2166	4	2170
1203	2	1193
33	3	1372
949	2	977
1575	6	126
1350	10	1349
453	1	2225
309	11	305
1441	1	785
1959	10	1934
1921	5	2307
1910	6	1921
88	5	1476
1487	5	1338
307	5	318
2201	8	1155
747	7	713
1435	11	1432
406	0	409
1852	3	1354
1069	7	2194
307	1	974
1216	1	973
